5000 100000
56 728
17 1071
81 6966
36 1440
3 219
93 8370
39 1755
20 460
67 335
56 4200
16 480
29 2900
73 2993
74 5624
6 306
24 1512
91 5733
1 34
50 550
10 730
96 6432
49 3185
17 544
92 5060
7 98
60 660
3 129
51 3774
5 450
10 90
39 3315
8 120
61 3111
13 247
68 952
64 5632
70 4970
17 731
39 2067
92 6624
40 2800
48 96
87 2175
53 2650
64 576
43 172
63 5607
4 392
48 4704
98 9702
29 928
50 2450
68 2788
2 110
46 3128
52 2912
65 4095
37 1702
51 3570
19 1463
64 4992
36 324
20 1420
52 2652
3 102
35 315
7 336
28 1484
46 598
11 814
37 2146
64 1408
62 682
14 126
47 846
98 1666
56 3472
1 21
78 5928
69 3174
70 2660
20 260
54 3618
75 4050
60 720
40 1360
25 550
41 3567
11 583
51 1734
31 961
52 4992
29 2407
10 620
55 2365
22 792
62 3162
77 6699
56 840
14 28
35 1855
42 714
12 432
62 3038
37 1110
37 1258
32 3168
83 4399
77 4543
31 434
9 864
31 465
85 1530
63 2961
95 9310
53 4717
45 3960
7 266
76 7296
83 5146
63 504
11 308
1 85
99 6039
78 6708
13 689
67 1340
96 2400
45 2160
72 3312
14 322
28 1036
84 5460
1 45
72 1368
9 81
81 4293
37 1739
50 1250
26 676
88 4752
51 3519
53 1166
94 3572
45 3780
67 3149
45 2070
40 2400
84 420
39 273
84 5376
38 3762
3 72
99 7326
59 3009
2 148
65 585
26 2496
19 494
11 880
2 68
73 2555
89 1068
24 216
71 6106
66 1254
9 459
40 2480
34 1156
9 486
89 6764
98 1274
59 2714
4 308
34 544
89 1869
87 3045
64 4864
92 6624
52 4836
95 570
93 5301
6 240
27 324
61 5673
60 4380
7 385
78 7566
61 4209
95 8740
49 1176
24 1728
92 6440
86 4128
85 5270
76 1064
27 135
87 5307
19 1444
61 1952
32 224
19 646
81 1944
43 2064
51 3774
42 1218
28 2660
14 742
37 2775
94 7332
81 7614
57 5130
47 2867
87 2784
52 4264
12 36
71 3621
78 3198
7 693
39 2379
89 6230
41 3321
83 4648
13 1053
34 3332
1 30
53 3180
78 4992
64 2048
42 2730
94 5076
35 945
83 498
6 540
86 3870
93 6696
56 4480
5 155
91 7917
56 560
100 7900
53 3657
98 9114
79 2212
89 445
14 56
12 1200
50 4900
99 594
29 1102
85 3145
34 2890
15 1140
73 511
91 8463
28 280
74 1702
96 7392
27 2268
21 1659
62 4278
14 1134
18 1674
1 23
11 11
13 936
8 728
11 495
50 3350
21 882
55 2420
95 5415
4 340
17 1632
84 3864
22 1232
19 1102
74 74
28 2016
93 279
11 1089
54 2592
16 64
49 4067
5 195
73 146
64 2176
11 583
95 5795
17 646
86 1806
40 920
13 1222
10 310
95 95
73 3796
36 2808
58 1508
39 1170
19 1881
13 442
14 910
76 3876
3 36
33 2244
25 2425
92 5060
18 792
26 936
43 3397
21 756
17 1428
60 4080
47 2773
51 3417
89 4361
49 4067
18 1206
85 7905
47 47
72 2376
46 874
6 354
5 80
12 384
40 360
32 2880
30 660
38 722
16 800
11 814
88 6864
85 2295
11 154
63 2142
44 1760
68 1360
67 2345
56 4984
27 1215
31 2077
25 1350
28 616
66 1782
51 306
41 2255
88 8448
35 175
89 8633
85 2040
80 720
5 30
87 8439
29 2581
50 3700
62 3286
65 1040
66 5874
63 1008
19 1007
8 464
83 4150
48 720
18 180
26 2106
30 2520
6 348
58 2610
3 192
14 868
5 245
65 2600
68 204
8 432
99 6732
21 1638
86 1118
96 6912
29 2813
1 38
79 5609
56 2800
24 1080
83 2573
87 522
4 324
4 312
33 1320
87 6960
62 2790
55 2145
54 4806
24 120
22 88
90 6570
100 4300
72 2808
38 3268
46 3818
45 4320
31 2790
50 500
35 315
96 7584
22 2112
20 1340
16 1456
28 2100
75 5175
13 1066
68 5440
32 96
58 580
84 1764
60 2580
11 946
32 416
37 2849
47 94
48 192
62 5828
39 2106
96 4128
90 2340
21 1050
87 2958
29 2117
52 1976
87 6177
95 2470
55 3355
97 6887
72 3816
31 62
15 270
48 3408
42 252
5 380
61 3416
8 512
8 144
18 954
43 2021
85 7990
73 2190
78 702
78 3276
51 3162
9 72
22 748
3 156
5 45
62 4712
68 4420
42 1512
66 2904
95 9120
17 1122
37 2553
69 5589
63 2709
77 7623
25 2425
38 2546
6 462
53 424
7 539
77 1309
10 530
3 201
51 3315
93 6603
91 3640
88 3960
72 2304
30 2700
74 4366
88 6600
69 966
1 63
88 7040
45 225
63 5985
74 7326
34 646
79 4108
13 429
60 900
82 6068
44 1188
86 860
15 435
60 4140
92 2300
96 8544
92 2944
94 6956
76 836
68 5168
63 3465
99 396
99 8217
7 672
79 1106
74 4366
87 5394
57 5130
48 3744
43 1763
91 3003
80 5920
15 1320
96 2016
92 5152
93 1767
45 3150
8 32
82 4674
29 232
87 7221
10 980
95 8360
40 2400
78 5148
10 480
100 2300
84 3528
51 1785
86 946
12 708
74 3256
78 4914
26 2210
79 4108
79 1501
70 1050
7 189
19 1824
28 1904
95 3040
54 3024
72 1152
97 1164
14 994
68 2720
5 460
100 2000
88 6864
43 3999
51 1938
38 912
34 2312
39 1014
92 8740
75 2625
5 460
89 8099
92 5796
14 504
38 2052
63 2142
69 1380
6 12
11 693
37 1887
84 840
92 736
91 6188
16 768
85 1615
23 736
8 144
65 1625
69 3036
38 266
99 3069
70 5250
2 98
32 3136
85 6290
35 1260
5 65
60 5340
99 5742
65 3640
54 540
15 105
66 5478
74 6808
38 912
72 576
47 1598
9 90
95 6270
82 7216
16 832
85 170
30 1470
35 875
100 2300
50 4500
67 6633
24 672
33 2574
6 420
72 5256
57 3306
20 640
61 2135
1 20
64 4352
14 672
8 504
83 3984
82 3198
13 637
24 816
52 2236
80 5760
28 1876
11 22
37 3293
27 1512
1 91
64 4800
78 7800
71 6177
22 154
99 9702
29 261
18 1584
66 1716
26 1586
10 640
37 518
27 621
80 6080
43 817
77 1155
3 147
100 3200
24 264
18 1656
33 2079
70 5530
39 1872
62 868
87 2523
44 264
32 384
14 868
19 1140
29 696
9 468
87 8091
56 1008
53 4240
26 104
57 2052
53 3498
21 735
57 3762
19 437
57 5187
50 1250
30 2460
64 1344
63 252
14 42
55 3685
53 3869
42 3024
93 8463
85 935
5 45
77 1463
56 2968
91 2366
7 406
19 342
53 4346
53 1219
17 1173
3 90
76 2128
70 1960
64 3520
40 2440
70 770
79 7663
1 97
13 1274
40 1160
38 3648
80 640
97 7760
4 392
4 104
15 780
83 913
94 1786
73 3431
19 1520
34 1088
99 4554
74 1258
37 1443
5 120
52 3484
73 876
9 351
40 1120
55 5500
83 7138
33 693
7 574
28 364
52 2496
2 28
53 3021
12 228
93 651
29 2291
98 3528
48 4800
40 3160
34 3026
90 6390
2 32
58 4988
12 108
12 996
98 7448
47 4136
82 7462
76 988
6 564
9 459
21 2058
51 3162
53 5035
44 1760
32 2848
97 6111
34 1972
45 3375
6 348
57 3078
17 374
51 1734
89 3471
87 6090
55 4180
16 352
70 6370
40 1520
18 720
15 1365
14 896
49 4606
54 2106
81 8019
33 1518
54 1026
80 5680
54 3348
89 8900
98 3724
33 1452
8 560
83 1162
97 5529
59 1357
11 44
40 960
84 252
94 4324
9 225
12 156
32 1760
7 427
18 738
69 6624
10 210
11 858
24 504
84 1932
35 3010
8 552
79 6004
34 1326
64 3776
50 950
13 481
88 4664
58 3074
42 84
47 2867
6 204
74 1850
50 2700
81 1539
30 1380
33 1749
78 3432
52 3848
93 3720
32 2176
7 70
2 142
75 2400
12 924
26 130
75 6300
87 3306
58 3480
61 2440
57 4218
20 80
79 5214
79 1106
77 6314
68 2924
72 576
96 8832
51 4692
39 39
42 1470
14 868
64 5504
44 4400
14 1022
8 168
42 2520
18 1152
29 1537
93 4371
18 1728
55 2915
56 3024
89 6408
88 4840
3 36
41 2296
90 8730
61 5673
85 3145
11 220
87 6264
47 3008
28 868
36 2988
40 360
23 943
14 14
85 595
98 196
57 3192
72 1224
55 1265
99 693
26 286
54 5184
100 9400
30 870
80 3680
2 158
7 497
98 5292
92 6900
33 3135
94 4606
36 1224
54 2970
8 296
26 2392
23 529
84 924
96 1248
49 637
26 858
90 3510
33 2178
70 5180
13 221
74 5994
97 3395
95 570
57 3705
20 260
89 3827
70 2520
12 1116
42 2898
74 2738
78 5538
86 2322
60 120
28 644
5 310
100 5500
20 80
77 154
25 2425
60 5880
50 3250
2 70
33 693
1 34
76 76
8 216
96 9600
74 4958
38 3458
67 3350
1 25
95 5130
90 6570
50 950
38 2394
6 462
76 1444
28 140
97 6693
27 2700
94 7144
98 8526
37 1406
59 295
8 80
15 180
13 702
31 868
72 2376
86 7052
4 280
81 486
19 589
81 1134
29 1711
60 2460
73 2117
89 445
11 649
67 2747
43 2365
7 224
53 2173
47 3008
59 1121
79 5293
3 84
91 6734
93 930
99 6039
29 1276
70 2520
35 560
44 2684
74 1036
84 8064
70 210
31 558
1 67
79 3318
70 6720
8 536
37 148
66 4224
12 1092
1 14
66 1782
28 1064
66 132
27 1296
28 1540
94 6486
81 4941
99 594
86 6794
95 7885
33 2310
33 297
96 5664
30 360
88 1584
32 3104
98 294
47 3102
74 4218
95 8455
83 7221
71 3124
48 1584
39 2379
91 1183
16 160
65 455
83 3735
3 117
5 50
79 6557
22 858
20 1580
77 3388
17 595
66 2376
86 7224
85 6970
100 8800
92 4508
68 2516
20 1100
52 3848
9 243
94 564
69 2691
47 3901
21 315
33 1848
72 2592
21 1512
6 324
6 48
67 670
32 2592
33 1056
90 7920
65 4030
88 4576
19 152
93 4743
41 3034
23 23
92 2668
38 456
32 1344
9 666
3 123
61 915
73 6132
80 1280
95 3990
59 3304
75 6900
68 6732
17 1479
65 1755
42 1302
43 3483
92 552
76 5320
55 385
57 1539
11 825
21 735
67 804
96 480
52 2964
49 2352
60 240
45 1305
72 7200
85 340
50 2150
68 2992
91 8372
26 364
23 2162
42 2436
20 1280
45 2250
58 3654
37 1073
22 66
15 375
18 1476
1 25
47 705
93 5208
91 5096
20 960
91 2275
100 1600
63 1701
95 1425
33 1518
85 8075
85 6375
34 3060
52 1196
78 4056
32 320
90 7110
50 2650
50 3900
56 2688
81 1539
55 1320
91 2639
11 550
36 360
22 330
34 1292
64 4736
79 1422
62 1054
92 5704
46 3358
48 768
89 6497
10 670
70 4060
7 364
20 120
94 3760
79 316
49 2156
3 258
35 2380
40 3200
12 924
1 50
95 7790
69 4209
17 663
77 1463
11 99
67 1273
56 2912
88 6424
53 4505
64 4864
71 4260
45 4275
56 2408
32 736
82 738
83 2075
94 7614
4 160
3 48
16 752
65 1170
81 7857
66 594
77 3927
60 3900
33 2046
41 1886
55 4345
17 1241
68 68
16 512
18 1044
50 1250
75 6150
5 435
52 728
74 2442
95 570
92 3036
6 432
99 594
2 102
59 1121
45 360
95 7790
40 3720
74 3922
42 1218
1 84
10 210
67 3551
53 4611
92 3220
77 3773
50 2350
96 5952
91 7462
71 4047
45 4410
88 1760
89 1424
96 2976
52 2288
85 595
77 693
86 6794
69 5865
41 2706
82 6724
28 420
85 2040
85 5695
43 860
37 3182
51 765
86 8170
75 675
69 828
95 570
37 1110
17 1292
61 2379
68 3468
6 522
84 2688
3 78
11 374
63 3654
100 500
79 3950
42 3108
89 267
9 684
78 4524
6 372
85 6800
70 1540
97 9118
51 1173
31 1209
70 5880
90 4680
74 5254
45 1035
76 7296
57 4047
89 6319
44 1672
32 1184
43 2021
57 3420
9 585
18 684
26 1508
78 4836
93 9300
9 630
37 2368
58 3654
88 7920
53 2120
59 2773
5 235
4 284
79 7663
33 1287
96 1152
86 1290
3 252
26 858
37 1591
26 1794
32 224
97 7663
81 2916
54 3672
26 416
98 5194
24 696
23 2070
2 12
58 3016
100 3000
70 1120
88 2464
31 1922
9 54
76 7220
55 4070
33 99
41 656
85 1700
11 363
65 5525
88 6776
19 285
45 2250
64 5632
8 152
43 3053
86 3354
76 684
1 79
30 1680
15 525
33 1254
69 6693
12 360
57 2109
84 1596
32 2176
52 1820
41 3813
11 330
84 6552
1 80
83 1577
49 2891
21 63
64 3968
6 348
1 7
37 1850
64 384
10 590
100 7600
4 224
92 6348
76 6156
25 1750
32 1792
34 1224
5 310
87 4089
54 1080
59 3540
74 5032
58 5742
33 792
83 3071
4 172
15 585
73 4015
33 33
84 1344
60 4860
21 1743
20 1800
28 2800
21 105
2 42
90 5310
99 9108
11 924
86 4214
55 990
7 651
99 9504
70 2240
66 4488
21 441
3 198
70 2310
58 4292
66 4686
75 1875
87 3741
45 2340
23 874
12 864
39 3588
23 483
53 3710
91 1092
39 1248
75 3075
17 136
86 3526
83 4067
28 1008
57 3249
69 3312
24 1512
68 2720
20 280
33 66
52 4212
16 1072
12 252
16 976
28 1848
4 80
26 338
21 882
20 60
59 2891
31 403
51 2295
70 3220
96 7104
33 1749
19 1349
90 2160
32 1984
23 506
64 1088
30 1980
42 2394
23 2047
97 1649
54 2592
21 987
19 228
46 920
87 5829
63 3969
10 180
53 901
8 432
45 1260
42 924
29 1044
51 2448
56 3584
89 5607
89 6675
80 4320
80 6720
66 528
97 4753
93 8463
68 68
59 5251
19 950
10 900
18 1080
10 30
6 144
5 100
70 4900
86 6794
73 1095
90 4230
4 256
26 2158
45 45
76 1216
52 4264
21 1974
73 3869
60 3360
40 1240
66 6006
48 3792
96 2592
61 4514
96 576
98 3234
12 612
79 2923
14 1176
20 120
66 1056
60 1500
83 1826
96 2208
50 3000
29 783
10 170
53 1696
34 3128
47 376
66 4422
79 3634
87 5568
63 3087
26 1742
28 56
73 6570
97 4559
5 460
67 2814
89 1335
3 66
50 4100
19 1881
85 1615
54 4806
44 3256
52 2340
38 2736
63 2709
10 970
84 8148
24 1320
98 4116
16 768
10 560
72 288
97 6111
6 504
90 5400
16 400
97 7275
95 2565
93 3906
5 230
63 2709
75 3375
40 2760
87 4959
48 1344
38 1748
81 3564
87 8613
80 7600
23 1679
96 5376
11 748
21 1512
74 1332
58 2146
40 2000
56 1232
12 372
49 392
34 1972
45 2700
97 4559
77 7315
39 2808
63 3087
60 4620
55 3410
3 150
37 2220
21 756
100 600
56 1624
80 7600
9 387
94 3478
30 2070
79 4661
93 6882
80 6320
63 252
53 3604
29 1102
82 492
35 1365
9 585
72 288
10 20
28 840
45 2070
46 3956
43 1419
98 8036
41 615
16 1136
45 3330
83 6474
73 2847
67 402
9 189
3 255
13 1001
80 6240
16 256
80 2320
19 817
76 456
32 1600
18 1476
15 1170
24 528
77 2156
91 8918
16 688
69 6072
76 988
95 3990
93 4371
12 612
23 184
52 2184
52 2236
90 8730
61 4026
22 1760
38 1938
8 480
53 371
31 1488
16 224
3 48
76 1216
44 3564
26 598
28 1848
37 1443
93 3534
74 5624
32 2144
83 664
67 804
61 4087
12 624
14 798
56 504
31 713
69 1242
68 3332
80 3040
19 342
80 4720
16 1600
21 1995
12 1008
58 4524
5 240
68 5576
40 3840
8 656
95 2280
5 260
100 2600
44 2420
32 2080
58 58
16 1440
37 1110
76 4180
75 225
82 1558
13 572
68 3196
57 1083
75 4200
61 1098
13 143
66 5346
56 840
22 132
60 1380
31 2325
49 3969
58 2726
11 880
12 1080
77 3003
88 4928
82 984
79 2686
47 4606
42 42
34 2142
48 2352
93 5487
13 767
25 675
20 1340
63 4221
51 4437
15 765
18 324
59 118
35 1190
29 1015
36 684
15 270
71 2982
84 4872
9 90
89 1513
73 1314
14 518
66 66
9 702
16 912
83 4067
51 4335
58 3654
10 430
32 2176
6 324
75 6675
1 81
62 4092
83 4482
39 3471
48 3648
71 2059
68 1496
11 1012
62 3286
19 399
86 3612
22 1892
18 1476
87 5220
4 304
87 7134
2 172
29 986
34 408
32 352
32 2304
48 4416
59 1888
22 1056
99 3564
47 4512
16 1360
1 84
90 990
67 5762
47 2256
40 3400
28 2744
83 5893
48 3888
82 5904
96 8640
86 774
25 725
16 736
17 1105
56 1568
67 3149
77 7084
2 84
78 3588
97 7566
92 920
11 660
10 150
7 133
47 2773
16 1264
84 2688
64 3904
35 2170
68 3536
89 6675
45 4275
69 138
78 7800
51 2040
88 2640
89 1246
65 2600
17 901
66 3696
30 2640
81 5265
6 246
51 2346
43 2623
94 6486
54 5400
1 77
49 2646
7 308
55 2035
76 380
75 1500
100 5400
97 4365
89 3471
60 720
73 3358
33 1221
86 860
2 172
33 2112
68 2924
92 2668
10 650
92 3864
51 153
23 1702
96 1536
75 225
8 568
73 6205
11 671
14 196
63 189
90 5760
66 5082
56 2800
10 330
47 3337
10 810
73 2190
64 2304
39 3159
46 4324
70 2100
52 3952
80 3200
1 97
4 332
70 4410
82 7872
50 3350
32 1216
20 320
31 3100
75 2700
42 1890
81 1296
43 3870
20 1980
53 2279
52 780
84 5880
85 7395
57 4275
81 7938
82 2460
66 6534
79 5688
58 348
43 3913
45 1710
44 1804
66 3498
11 374
2 196
25 1050
68 2448
49 4655
12 1104
75 6675
9 414
30 2370
46 230
87 4959
16 752
80 1920
10 970
46 2392
48 240
15 765
25 875
89 3916
1 15
85 85
20 1480
77 6237
32 544
55 1650
43 43
87 2088
83 3071
4 368
16 432
12 984
46 690
88 968
36 2808
33 2508
42 3906
86 1204
75 525
15 585
36 252
35 245
56 616
35 1855
78 4836
49 3038
26 1222
47 2867
84 4032
17 1598
67 4288
30 900
91 3003
63 3276
16 1136
54 432
100 5800
8 792
29 1624
40 960
65 4225
14 812
32 1824
13 715
50 2500
10 460
46 4600
54 2916
8 312
76 4712
32 3200
57 1767
29 2320
46 782
46 874
69 6417
5 70
92 4416
43 2838
92 5428
17 391
15 315
66 5940
55 495
94 5170
14 1302
61 3904
56 3584
57 3876
27 1296
100 2400
6 510
24 624
49 4361
18 1386
3 15
87 6438
5 250
6 204
65 390
96 8256
15 1245
37 3182
59 5133
22 1452
89 4895
38 2584
63 1953
16 1136
11 77
29 1218
95 6270
46 2898
35 1330
58 2610
78 2574
26 1326
25 375
31 62
30 1230
64 3712
95 7125
100 9300
41 451
65 6435
29 1740
36 1476
54 1134
14 1386
97 8439
62 1364
48 3168
32 320
68 3332
92 5520
46 2254
89 801
57 2166
35 1015
3 258
61 2074
4 64
47 2773
94 2444
61 2989
44 2596
27 1215
78 4524
59 1121
78 6942
74 3626
78 2418
23 414
56 3304
41 1312
29 435
2 148
50 250
23 2254
10 650
5 465
78 7566
47 3290
48 4032
22 858
85 5100
28 448
75 6900
81 6561
19 1710
96 1920
23 1978
23 391
61 305
59 1180
87 1305
73 219
45 1890
20 1720
2 136
77 693
52 884
30 630
51 2346
95 5985
26 1560
44 4180
46 874
84 6216
84 5292
31 899
39 3549
97 7372
60 2880
30 2520
45 4230
80 2000
51 204
8 576
40 920
33 66
41 1599
91 7644
81 6318
81 6885
52 3484
68 4556
44 3212
58 2262
96 6624
15 120
32 2016
4 156
62 3038
31 2790
45 2790
76 3344
49 1225
75 1425
96 4608
63 3465
55 3850
97 7760
93 7905
87 3480
68 4624
17 442
55 990
16 1088
66 3762
26 988
38 2888
83 6059
72 648
11 979
79 6636
45 4455
43 473
98 9310
47 2585
64 1984
55 2255
99 2673
71 5325
72 2520
62 4898
69 1380
44 1936
26 2574
33 792
67 5360
39 1950
99 2871
31 558
83 4316
12 1104
9 873
60 5580
54 756
90 2340
84 3360
34 1598
12 1008
97 8342
73 1168
69 2829
83 1826
42 3150
50 1050
20 700
72 4032
74 1998
83 6972
100 3500
36 3420
82 4592
5 315
83 2407
32 1632
15 330
73 1971
37 1480
8 760
50 3300
73 511
4 40
22 1452
17 1513
92 4232
29 1711
83 1494
63 2016
61 4453
12 24
100 2800
86 2752
93 6324
58 1914
13 325
91 4641
35 280
97 3104
100 4600
7 280
74 2294
82 5986
6 240
7 434
19 475
77 5621
72 3960
16 976
97 679
31 620
66 2244
35 3290
67 1005
2 104
38 2280
46 644
41 1353
59 2950
29 2059
20 440
28 2436
26 1716
20 1940
63 6048
61 4453
5 390
28 1260
76 3268
62 1984
44 484
13 1001
92 4600
71 3550
100 8900
77 6314
13 273
42 1302
71 6319
69 2760
50 1850
50 3250
6 348
49 3626
53 5247
14 112
5 135
72 5400
96 6528
30 2550
62 5580
57 1254
42 1092
67 2278
17 187
98 8820
29 1508
63 1953
84 5040
87 4611
11 187
58 116
87 8178
27 1971
75 2475
41 451
48 1200
41 41
67 3015
77 1463
31 2573
31 310
9 738
92 5888
38 798
45 855
24 1848
78 5772
85 4675
6 504
23 1380
48 4128
10 270
89 5073
85 1870
60 5880
73 657
96 6240
53 2226
54 2916
100 9500
56 392
62 4464
15 780
68 5576
89 2225
71 4331
36 3168
8 568
6 24
7 154
22 418
32 1216
6 438
29 1160
19 969
59 4248
47 3055
32 2336
59 1652
58 5104
57 3933
63 756
40 2560
79 5135
42 84
45 4320
5 135
91 5460
28 2128
81 2673
9 414
54 432
41 2214
34 1904
72 1944
73 1971
49 1519
99 8118
100 4200
18 1746
12 300
44 3520
68 3060
38 3686
78 156
73 2847
43 1720
41 2337
17 357
89 801
81 3564
84 1428
93 7719
8 496
72 5112
9 684
57 4275
42 3780
80 80
41 164
68 2516
62 2480
66 4752
72 2376
24 816
52 3328
91 5733
100 7800
82 7052
93 5208
21 546
61 2440
34 2550
25 2075
11 1089
52 1768
27 1593
63 2205
48 3552
71 1065
32 2080
95 7410
85 1445
51 612
47 4089
26 1456
17 1683
52 4368
16 480
25 1750
27 1296
24 504
54 4482
52 2964
51 918
43 1849
48 2592
26 260
99 2475
75 4275
68 3400
79 4898
26 1716
52 5044
10 420
100 6700
55 2585
64 448
85 1445
6 294
30 1920
23 1035
48 2016
58 232
85 5695
91 3276
17 935
41 1435
36 2160
28 672
9 297
48 480
60 3840
48 1872
24 1368
44 1320
70 350
8 240
32 1664
38 3686
55 3905
51 2499
58 3886
67 1474
29 464
37 3182
91 2002
80 7680
60 720
37 2442
60 5520
30 210
94 5640
28 1820
21 756
30 1200
62 1116
20 1300
16 960
65 2860
91 8190
66 2508
26 2548
76 3344
29 493
98 196
36 2196
4 260
49 3969
93 7998
46 3082
66 4026
33 462
53 1219
66 2442
31 1209
81 2754
62 1798
1 83
20 600
54 2214
66 2970
36 576
91 5278
54 648
70 140
27 1917
3 216
60 2940
2 14
40 760
14 910
7 679
64 5952
32 2656
37 1702
7 161
68 1292
44 1276
69 6141
18 900
99 2673
21 1134
84 6132
92 3956
15 375
67 3149
65 6045
74 2146
77 1848
28 2268
50 850
41 4100
93 8742
93 93
32 1728
71 4970
93 5487
22 1584
5 485
35 3290
1 29
50 1900
24 1896
25 400
39 2691
4 296
3 6
63 4410
47 564
70 490
56 3192
4 96
11 242
88 7304
22 154
59 5428
83 1328
17 119
27 756
72 3024
61 793
48 2688
69 5865
49 2107
93 8928
71 5041
31 1829
41 2337
45 2250
30 1470
24 1224
60 3840
57 285
40 3640
51 1989
59 5015
35 630
96 9312
22 1980
39 702
39 3198
48 288
39 1209
74 7030
79 711
73 2117
9 126
72 5040
51 2295
23 460
19 304
22 1474
57 1710
61 1952
80 3680
38 2888
62 372
22 1628
7 175
20 320
70 5460
100 4700
39 1521
17 1071
46 92
11 308
75 3825
58 2726
12 384
66 4092
7 56
57 3363
100 2900
32 2592
11 990
26 416
88 5016
39 2028
10 60
94 470
93 6510
67 1742
75 2775
6 588
51 4488
11 319
97 2716
36 1476
63 3906
66 5412
8 256
52 884
95 4370
14 28
60 3060
15 810
20 1600
63 4914
76 1216
7 14
2 134
56 2184
80 3360
95 9215
27 2619
32 2624
76 4028
54 4158
31 434
85 6035
19 722
41 738
63 1008
16 656
89 4539
31 651
49 784
10 670
99 3069
39 312
18 468
95 3325
9 468
81 6399
78 2184
13 598
46 1656
74 4662
63 2709
17 102
58 4350
32 1984
89 4539
87 6003
2 156
31 496
2 132
94 6674
15 270
28 756
38 2432
69 5520
94 1504
92 2852
91 2184
10 210
51 663
45 3825
73 2044
21 1470
9 783
91 1729
98 1176
17 1649
88 2640
63 5355
22 1298
77 4004
69 5106
38 38
7 665
7 406
77 5390
6 570
29 928
60 5580
73 5986
83 6308
34 680
36 2376
6 234
98 6076
58 4408
33 3234
89 623
1 25
83 2988
4 180
63 2331
88 4840
30 1500
70 4060
65 260
36 432
67 6566
64 5440
72 6048
98 5586
59 2950
82 5412
13 1274
88 8096
48 336
66 4950
81 1863
30 390
58 1972
97 4753
29 2552
89 1157
23 1173
40 1480
70 6580
38 1140
96 1920
99 7524
65 3315
3 99
29 2697
92 1748
36 2088
56 4312
47 1504
28 1428
14 364
54 918
88 6160
16 1488
25 1175
14 868
41 4059
60 5340
86 2924
42 3360
26 2418
91 6006
82 5248
58 2320
88 792
83 5561
62 124
35 1645
6 498
80 3360
16 1440
7 693
38 1558
42 2184
47 4277
61 3965
7 609
21 1638
33 1584
80 4240
14 560
47 3431
67 4891
37 592
15 270
17 1598
35 2485
51 5049
84 1764
35 875
40 3800
25 1100
17 952
16 1424
28 1064
59 1180
4 324
23 667
97 970
7 14
13 1300
78 5304
30 1020
8 112
50 150
65 5785
89 7565
45 1530
87 957
31 1798
52 572
94 7614
58 4640
99 8712
50 4250
73 3723
99 9108
95 3800
73 2628
57 2850
24 1920
72 5112
83 747
85 7310
41 2296
62 6014
55 990
53 1749
100 600
23 759
68 2312
75 6750
33 2046
68 5576
17 1564
3 219
2 36
98 6958
89 5340
6 336
51 4029
6 234
31 2821
21 714
30 1950
72 4320
66 1980
74 1184
48 2832
78 1170
73 5110
4 56
52 988
45 2385
99 5544
42 2562
82 6970
97 4171
95 3610
85 850
97 7760
61 5673
52 4368
24 1320
38 2166
36 792
57 3819
42 546
59 1534
80 2000
41 2419
79 2212
21 336
1 57
24 480
25 725
76 1824
78 1014
62 248
24 1272
81 5670
62 4898
2 2
88 2288
14 392
59 3304
100 3300
57 2109
12 792
10 850
44 1188
73 6497
91 6734
15 1485
25 850
35 3115
48 3312
40 2480
31 1178
75 5250
42 3528
22 1342
87 8004
62 2480
3 153
42 1974
5 205
10 360
66 1782
29 1711
60 2340
94 7144
96 7968
47 940
100 6900
78 624
57 3990
66 2112
66 3828
64 2368
87 783
43 3784
58 1044
22 1782
58 5220
54 3942
63 5418
82 410
16 928
2 80
25 1075
60 1680
21 1050
78 3900
61 3538
50 1850
51 4794
68 3468
28 2352
67 871
22 1408
100 6600
63 2205
70 490
64 4352
89 7654
23 1794
56 392
93 8928
62 1054
77 1540
36 2700
3 39
29 1653
25 2125
93 7998
82 3526
7 343
14 1092
99 7623
80 3840
72 3960
24 1056
83 1245
77 3157
19 1881
28 2716
19 209
11 550
3 216
63 252
62 868
83 4067
57 4902
86 5504
31 2852
84 588
32 544
26 130
7 378
62 1736
99 7920
56 2184
81 6642
56 3472
12 1176
73 1314
12 192
3 111
40 1160
35 2240
64 4224
17 935
56 1008
29 2059
83 6225
79 3871
4 56
29 2204
12 324
21 336
78 1716
28 2716
86 8256
12 432
91 5733
19 1558
5 85
66 4620
28 2156
3 240
71 7029
16 912
49 1127
97 6984
79 6478
54 4320
81 648
95 5225
16 1008
1 32
87 4089
60 1320
87 8004
79 4977
28 1876
86 8170
27 1431
13 546
39 1326
74 962
3 297
39 78
27 1863
5 495
75 1200
75 4125
66 2178
97 3201
44 2992
37 1887
45 3150
81 4536
92 5612
7 42
37 1887
67 603
59 4661
49 2842
78 5616
33 1089
70 5530
100 4000
2 26
74 6068
34 782
75 375
86 6536
20 1660
69 2691
68 5780
38 874
89 5963
59 236
99 5643
41 1845
48 2208
61 5856
46 4186
38 1672
35 1575
60 3120
61 488
51 2448
36 3204
2 86
86 5246
69 5796
70 5250
79 6320
49 4018
72 3456
36 1332
32 1920
9 693
98 7056
29 1914
3 249
99 3861
32 480
36 612
19 190
93 4836
35 2240
32 576
99 5445
63 4599
92 4876
80 6880
68 1224
31 1147
27 1728
23 966
29 1392
1 99
66 2640
24 2184
93 1023
43 1419
26 988
50 700
4 124
30 930
71 6319
84 3444
63 1386
70 1890
52 1092
73 6716
8 768
48 1440
88 1584
52 4732
91 3458
42 3528
49 931
4 4
5 90
37 1295
95 4465
44 660
91 1092
49 1911
69 3657
40 320
99 2574
87 2697
98 5096
40 1200
61 4148
81 2997
60 2040
91 8281
34 3230
52 4420
56 1344
57 1710
92 8556
36 792
38 1140
78 3900
66 4092
10 660
60 3780
17 1071
27 837
44 1804
79 5609
42 3444
24 144
63 1323
60 1320
2 168
12 708
31 465
48 1296
81 567
62 5704
50 150
31 2759
10 220
66 4554
76 2660
75 3150
13 416
65 3380
15 600
1 35
35 2695
97 4656
47 1786
57 2793
57 3306
94 1222
26 182
66 2970
3 120
49 1617
64 5824
39 1521
24 1344
55 605
27 1836
18 900
68 3468
70 6440
19 1425
12 1116
88 6600
14 280
98 7546
37 3071
45 4275
52 208
72 4464
63 6237
52 3848
26 1690
79 7505
3 237
98 1568
87 2175
23 161
90 720
64 896
62 6014
54 3078
68 1292
59 5723
68 340
40 1520
92 7820
100 9100
100 1000
47 4371
25 1775
96 5664
73 949
95 8835
12 972
88 2464
91 728
70 4690
48 2784
33 858
99 693
73 4745
32 1312
60 5340
19 1292
12 960
90 90
58 232
79 7189
72 4968
87 7047
4 112
32 448
63 6300
8 632
35 1540
59 1475
93 1023
93 372
24 1392
54 4374
88 7568
56 5208
100 8000
53 2332
29 1479
86 516
60 3960
45 90
12 1092
56 112
69 897
19 1292
43 3526
54 2430
45 1170
29 696
38 2508
15 1125
31 1922
95 6270
10 40
62 3844
1 98
30 960
81 8100
20 1340
48 3456
80 7200
56 1792
12 720
34 510
84 4788
15 1440
93 4743
18 36
42 1302
20 1000
17 1700
30 1590
48 4416
91 273
25 1375
55 495
36 792
13 260
54 3726
23 1725
60 2460
61 3233
96 7104
5 160
100 1000
49 392
89 3293
67 5226
86 5418
40 2600
18 954
35 980
61 2928
87 1566
20 1520
76 380
80 4000
98 5096
43 3397
40 2760
31 961
27 1053
21 735
33 1089
92 1104
98 882
55 5335
50 100
74 1776
13 858
6 468
18 882
40 1840
61 2013
14 98
8 448
11 1089
73 6497
33 1716
42 2268
78 546
25 575
76 3648
18 828
60 660
64 2368
100 4200
31 1736
77 1617
91 2912
62 3720
68 68
18 1386
12 912
6 546
92 1288
73 5256
19 1501
70 1960
18 216
2 128
74 3700
99 1584
29 1624
42 3234
34 3026
33 3300
40 2720
50 2250
98 2156
79 1659
35 1960
84 8400
42 2604
84 4284
70 5600
71 4757
25 725
26 2522
56 1288
35 3080
68 2516
49 1078
60 3720
38 1786
49 2695
68 4080
21 84
3 162
37 2775
42 1176
67 2345
86 774
56 5320
33 99
50 1650
56 4984
71 5041
90 8460
93 4557
94 6016
1 77
65 2210
40 2160
46 2852
88 5808
84 8400
43 688
4 80
3 189
12 672
85 2380
49 3724
39 3432
6 78
62 930
51 3417
56 2800
67 4154
91 273
26 1768
72 1440
63 3339
72 3672
91 1638
27 2268
8 64
52 728
11 66
66 2508
79 474
35 2100
80 4160
24 600
25 2425
66 5676
97 8245
71 5041
22 814
22 1694
14 938
27 2295
8 392
44 3960
57 3078
22 1562
28 924
12 744
53 2491
8 728
67 1407
57 1083
10 480
19 551
33 924
19 228
45 585
79 5925
12 1164
79 948
59 3068
2 92
1 30
70 2730
34 34
52 3432
45 4320
53 318
18 666
100 8100
16 512
49 2254
8 656
83 4648
73 4307
3 291
54 1080
3 21
51 2754
32 1088
71 4544
56 2240
24 1272
25 1900
95 6840
88 3168
72 2808
91 8190
96 3552
55 5225
45 2655
79 1185
24 1680
47 1081
12 804
86 3354
61 3294
93 4836
62 3720
25 600
15 90
49 1568
48 2496
65 5265
68 3944
12 192
94 564
7 364
7 609
44 1760
18 846
69 4071
43 989
46 138
81 1458
82 820
72 144
98 4998
24 1608
64 5760
28 1036
65 1040
40 2000
76 6688
47 4606
61 5185
81 486
11 187
14 238
7 525
73 1314
58 4292
90 7560
47 376
16 256
91 4095
88 2728
11 99
81 6561
49 2597
30 1050
51 561
51 918
26 442
64 6272
24 528
28 1008
75 4275
95 4940
69 552
13 1144
74 2812
33 2343
92 7452
95 3990
14 1134
6 522
84 7308
2 18
45 1035
71 2059
54 2538
12 384
61 2318
97 2231
58 5626
86 860
97 4365
86 2494
74 1110
89 6586
95 7505
6 198
14 1372
61 610
5 340
26 2158
68 2040
72 2520
42 1050
11 572
92 4876
35 1050
84 7644
7 266
12 384
99 5148
57 4275
14 742
28 420
76 684
24 360
49 3038
66 2640
32 896
52 2600
14 1050
47 893
56 1568
8 120
8 32
34 2686
41 1312
63 6174
82 2542
95 5510
24 648
28 1904
57 1140
53 5088
93 8091
74 1628
12 528
69 3312
14 14
76 3420
54 2646
9 828
96 6336
45 3330
23 621
77 2772
28 868
96 8352
45 720
55 1430
70 6440
48 3648
83 4648
16 1584
92 8832
12 492
8 640
88 3432
15 1410
71 5751
4 56
76 4256
96 6240
49 3528
97 8730
74 3108
35 2660
14 56
18 756
19 1197
70 3430
45 360
46 3404
3 36
30 2310
62 5146
77 7007
71 6390
20 1700
73 1168
5 295
21 609
96 6336
17 1530
86 6364
70 6370
84 1344
94 846
13 182
86 6192
74 6956
60 600
23 1081
27 1566
76 5776
94 2068
69 5658
73 1314
86 1892
80 4720
9 612
81 3564
71 4970
23 1104
43 1892
58 1508
45 585
44 1584
81 1944
74 74
21 2016
47 2773
70 770
88 7480
28 112
83 6474
49 49
45 2160
66 4356
96 4032
66 6336
49 490
41 1763
87 348
75 5700
94 3478
98 4214
97 5917
15 1290
56 2800
78 1326
39 585
93 1116
85 6290
93 6696
14 1022
53 5194
69 6417
41 2091
66 3828
5 390
74 2072
95 2755
86 7396
89 2848
1 34
64 1536
94 5076
89 3649
5 470
69 5589
79 2765
89 2403
50 1450
74 2960
94 5546
55 1210
99 8118
93 6696
40 1160
18 648
45 2880
79 3871
50 3000
94 6110
30 2760
72 1944
37 1739
20 440
78 624
38 950
2 114
30 2070
39 1599
67 6566
70 6860
44 2904
10 760
9 720
63 2772
23 1426
71 5751
16 1600
44 2904
8 216
75 4050
55 1925
23 1150
93 1953
48 1680
17 1190
77 4466
70 3780
79 5214
76 7448
15 210
52 104
76 5776
68 476
2 118
8 56
60 1020
49 1764
43 1118
40 2080
73 219
11 1100
92 8832
84 4788
84 4284
48 3360
24 336
65 2080
81 405
49 3381
49 2793
29 1972
65 3315
58 4582
52 2444
56 4144
63 1827
69 6141
82 4920
23 943
77 7469
47 3384
33 2145
39 2379
78 4992
73 1533
88 264
2 176
43 129
16 512
89 5607
43 2623
24 336
72 7200
86 516
49 1372
87 5394
63 2016
70 2100
33 99
56 4816
30 300
51 102
42 588
41 41
34 816
71 2343
95 8645
50 2850
15 1155
65 2015
89 890
25 650
11 33
31 1023
59 3068
18 1476
55 2145
39 1872
44 2244
19 247
40 1640
32 1312
88 8712
44 2904
94 8272
65 4745
88 2552
47 2585
36 1152
13 338
97 6887
4 160
81 3645
99 5544
13 26
73 3504
2 34
82 2296
28 252
95 2375
46 2484
52 1196
43 301
53 3127
72 4248
67 5494
96 7392
11 616
42 3444
11 22
59 2006
20 1700
97 8148
76 7600
97 4074
1 74
42 3570
53 2862
59 5841
92 6348
65 1560
1 28
99 3564
10 230
36 2772
27 162
45 4410
19 1292
32 2560
10 190
38 1064
4 232
2 70
9 531
35 1470
59 826
26 1560
88 4928
30 2340
57 684
94 8084
43 2107
3 9
82 8036
75 5625
9 153
35 1995
63 2016
74 592
22 1650
91 6006
70 4480
23 46
70 4060
73 5986
92 8740
89 3293
36 1512
53 1855
25 1925
11 572
68 4896
60 3660
31 744
74 3996
23 2139
44 3740
14 462
29 754
5 255
5 265
35 3080
19 1805
25 1725
24 1464
64 192
74 3182
71 710
62 3596
54 5346
19 361
92 7544
13 650
49 980
95 4180
53 4982
49 3969
15 1080
14 882
86 1978
19 323
16 384
82 1968
94 9212
88 528
50 3600
60 5400
9 108
58 58
29 2610
57 741
68 3196
65 3120
7 378
5 5
92 184
74 1110
100 5800
94 4888
14 168
82 3608
58 3190
45 3015
3 243
19 817
81 3969
51 1173
44 2904
85 4845
7 154
57 2337
78 2184
93 744
73 1679
27 486
10 570
21 924
46 920
27 1053
45 1980
1 47
58 5278
58 3074
12 48
38 1406
80 2640
52 5200
4 320
81 3159
9 126
24 144
54 4050
48 2064
3 252
53 4505
67 4891
54 4806
51 1989
52 1456
64 1792
23 1426
44 748
36 756
70 3290
5 180
50 4350
60 4380
94 2632
83 2656
64 4160
31 1643
13 1001
20 1380
71 355
72 5544
60 3240
88 1584
9 72
84 2688
60 4320
81 5184
31 2418
30 420
95 7600
94 1410
33 693
85 595
40 2680
95 9500
65 5070
95 4655
97 4074
41 4100
11 187
33 2970
31 2294
25 2425
100 1200
55 1595
87 4611
45 2520
18 936
35 1820
59 5369
61 1525
66 2706
98 9702
2 66
39 2379
64 1856
41 2829
78 5304
62 2790
94 1504
85 170
93 2697
93 1023
76 3648
30 660
2 74
12 816
76 6232
78 4056
55 4235
40 280
6 276
46 4186
54 1674
23 1932
84 3528
39 3627
10 990
69 3657
94 282
53 3127
97 4462
75 3375
6 390
62 3596
33 1485
87 6612
36 1080
47 4089
77 3773
8 512
74 7326
29 667
59 3481
5 425
8 640
8 632
49 3528
18 1386
60 3300
35 525
82 3444
73 3431
90 5760
41 2050
61 2257
18 1062
92 1656
15 1185
65 2470
14 322
58 1102
28 2016
5 485
66 660
46 2714
27 2646
40 3120
11 11
61 3233
2 92
41 123
23 1932
3 6
22 110
35 1470
14 56
81 1701
88 352
53 3657
90 1980
25 1925
64 4096
63 2709
6 456
39 2457
16 1104
65 5135
69 6003
93 9114
57 4218
14 966
19 665
72 648
68 6120
97 3298
86 3870
92 7452
25 1675
73 4964
21 882
62 5952
2 60
94 6204
95 3040
8 536
44 4224
84 4956
93 6696
23 1173
24 432
46 3772
62 5518
7 280
46 3542
40 3280
85 6715
30 1410
5 10
26 2054
58 464
88 5544
68 4148
31 434
2 86
10 270
64 1600
23 368
23 644
6 150
48 2928
11 1045
96 5856
77 6545
7 252
47 3666
64 2688
43 903
51 3315
90 6120
12 1152
46 2806
81 2430
72 6984
31 899
90 2520
66 5808
86 3526
40 560
21 1113
62 5146
1 100
59 590
27 675
67 5494
66 264
10 720
50 3500
82 6970
25 1475
12 828
54 1566
36 2736
33 1287
56 2912
37 3478
81 5670
26 2574
14 798
71 5396
95 950
97 4850
96 7104
66 2442
59 3658
87 8004
66 4620
82 5330
70 3570
33 2574
73 146
45 3915
33 1254
56 4760
54 486
95 4560
100 4000
21 42
82 7380
38 3610
89 3026
89 979
39 1326
19 1786
45 720
53 4028
13 13
54 1350
32 416
22 1078
94 7520
12 132
57 2508
97 97
65 3445
23 2162
83 2905
63 4536
97 2716
43 4257
24 1152
17 187
70 1890
22 572
60 3240
88 8800
1 61
93 9300
42 4158
97 8342
80 6880
64 1024
5 435
22 880
75 2100
88 1496
43 3827
18 828
75 3750
51 867
40 3880
39 3276
74 1554
82 7216
67 4757
50 450
99 495
5 200
35 3150
88 7568
49 4459
89 89
2 2
54 5076
25 1425
69 690
89 2670
30 930
30 2970
79 474
4 264
11 693
75 6150
90 180
73 5402
83 8134
88 5280
3 288
86 258
75 4575
90 4050
74 962
17 442
89 89
59 4897
93 5394
2 40
32 864
19 1254
20 140
20 1940
10 160
27 729
9 693
97 5044
57 1425
16 1536
60 3780
6 48
4 224
36 3204
30 2160
88 4136
37 1665
71 6461
14 1190
83 166
34 2754
66 6600
14 686
45 4230
38 646
42 2226
62 3410
15 1140
3 150
25 225
93 5952
74 6290
47 3995
15 645
8 240
78 2574
33 2343
49 196
17 1598
6 522
60 4920
64 1280
72 5832
81 1782
47 2162
78 6240
87 2697
12 300
49 4067
71 5822
50 2100
34 1462
5 460
44 3960
55 110
14 364
18 468
35 2555
34 2210
34 2550
47 3760
92 2300
25 1200
27 2241
99 5940
100 7400
41 2747
22 242
45 1980
28 1848
54 5400
83 2573
32 864
62 6014
33 528
16 672
95 7600
70 4200
4 12
70 4410
81 5427
97 9409
28 1204
50 1850
26 1586
84 5712
85 85
92 1748
38 608
73 6351
76 5548
18 846
32 2400
72 1296
75 3975
49 2842
76 608
30 780
67 4623
86 7310
26 338
9 225
100 5500
73 3577
41 1558
24 1704
7 560
33 2607
65 3640
86 7998
63 1260
77 4543
58 3944
52 260
10 930
71 3976
95 4845
81 4455
23 460
67 4355
28 2100
8 488
19 1083
3 120
22 242
9 711
18 1332
84 1848
38 2204
5 335
86 1376
55 3960
16 1328
34 952
59 4425
65 2275
79 1659
24 1680
23 1679
34 1360
63 4536
100 6300
74 3478
80 5440
93 8370
27 1998
66 4818
88 616
50 2500
71 3692
3 144
47 3760
11 1001
76 5548
59 4661
5 270
13 1248
15 450
38 3534
77 5852
64 6144
78 4056
78 3432
62 4774
3 285
100 4100
3 156
49 3675
6 324
44 1496
79 3397
45 2475
18 1476
54 4482
54 5076
13 182
32 512
28 1372
14 574
43 1376
37 2442
14 70
8 368
100 5600
74 6216
97 7857
59 3599
52 3380
84 4200
10 290
55 3795
70 6860
68 748
19 1349
91 4095
21 882
67 5829
24 1896
92 920
43 3053
79 6557
34 374
4 232
96 6336
55 5115
62 5642
4 168
19 1292
89 4984
6 192
72 3312
39 3198
2 198
42 168
33 924
6 270
23 966
83 3569
93 4929
48 1632
69 2829
78 6084
33 825
28 2156
29 667
33 1551
25 350
29 464
12 1164
20 1400
14 126
49 1225
20 1080
8 552
30 780
45 1935
40 2080
59 3540
58 2494
73 4088
98 5194
8 800
82 1394
4 228
3 207
86 4042
100 6400
37 259
61 5673
62 3286
48 2400
65 1495
27 270
7 672
56 2632
99 2871
87 4611
36 2160
100 6500
30 2160
27 1701
49 3234
81 1701
20 940
22 1342
8 384
42 2982
78 2886
46 2438
4 232
77 2233
57 5073
97 9215
12 252
62 1984
73 365
10 280
36 2556
71 2556
52 3224
87 1479
18 1530
88 2728
99 495
74 3182
53 530
19 494
35 910
38 722
100 4200
8 360
81 4212
26 260
32 2784
69 414
37 1443
21 1806
80 960
58 4930
97 6499
49 4655
3 279
86 6536
54 1404
20 180
61 2440
78 7176
68 3400
69 2691
27 567
88 5104
93 6138
15 150
23 851
40 2640
50 1000
42 714
20 1480
56 952
48 3696
10 860
30 1200
5 70
44 2156
46 3450
43 2451
63 4032
50 3550
85 2635
9 117
95 7980
20 540
74 1554
58 4002
59 2419
67 1943
72 648
14 210
100 1800
68 5984
26 1352
95 2945
70 1680
83 5893
40 960
13 1183
70 6510
30 1200
22 616
52 156
50 3700
14 1064
71 710
100 7600
31 620
88 7392
43 2580
71 4544
45 495
73 3577
26 1508
44 3300
53 3180
29 1943
59 1711
47 1410
49 2842
62 4526
42 1092
5 495
50 4800
81 7290
64 896
96 288
100 1500
86 5934
25 2075
40 2120
61 854
15 1455
40 800
6 144
77 3388
90 6480
45 4500
23 1219
50 3900
1 79
73 2774
44 352
92 644
4 316
5 445
99 990
53 4293
74 2442
17 1037
4 52
65 6500
69 2070
52 624
25 1125
1 3
62 3596
2 186
86 6794
44 2992
26 1144
100 7000
7 371
44 3476
5 355
43 1591
52 1820
57 3990
50 3650
36 3384
3 9
78 4524
52 4732
56 1232
31 527
80 4480
76 228
88 7568
40 2160
17 952
25 1075
61 5063
79 3792
57 171
82 574
32 1728
2 22
42 1974
13 611
82 3362
80 7680
20 580
47 4512
64 2752
44 2860
9 126
88 6160
43 2709
19 665
62 1116
7 224
100 2900
48 1392
95 1805
71 4899
32 1984
2 84
69 6417
14 826
24 456
65 3835
6 378
100 4700
45 2250
47 2256
26 182
4 264
44 1672
47 1598
99 7227
97 7469
22 1716
64 3520
58 1624
1 93
96 2784
86 7826
91 3003
20 280
43 3870
3 297
87 4785
61 427
29 1305
74 1258
93 3069
87 1653
5 280
42 882
91 7280
24 480
25 50
40 1640
20 940
49 3332
10 770
19 323
9 117
18 396
85 4675
74 444
82 5494
82 1968
96 8832
97 970
13 1287
56 1064
26 208
53 2809
90 5580
97 6887
77 6622
60 1980
66 4752
88 7656
47 893
98 9212
36 864
96 288
79 3950
48 2544
66 6336
39 3237
39 1131
23 2024
95 1520
86 86
69 6210
81 1539
68 748
66 3300
88 2904
26 1040
85 3910
55 3740
14 28
87 1653
88 2112
4 392
17 1292
13 429
1 60
79 6715
40 2240
66 2904
18 774
76 4560
45 1665
98 392
43 1161
35 945
78 5694
30 2220
78 1950
40 2160
22 1012
12 816
72 4464
61 1952
76 1216
59 4602
60 4440
15 180
47 705
54 1836
98 1470
86 4128
62 4588
98 2744
81 5913
16 1168
84 4452
30 1830
78 5772
74 3034
88 2640
45 495
91 4277
93 5766
25 2400
19 874
60 5040
30 2280
82 1804
41 1148
67 4489
77 1155
79 5293
49 2401
85 2805
60 4740
68 2312
3 150
50 3700
84 6972
28 2772
40 1800
47 1316
70 6020
22 418
77 5390
46 2208
82 4428
53 3127
72 6264
40 2640
71 2911
33 825
93 2604
21 252
59 1062
58 3016
81 2754
42 3948
70 3290
3 297
10 590
78 5772
32 640
96 192
55 5445
95 9215
37 2220
69 5106
63 2520
4 92
43 2881
89 3560
23 690
78 7332
75 3075
4 260
46 4140
25 2275
5 200
59 4838
91 2730
35 2870
92 8648
54 3510
38 2356
100 4900
19 874
80 4640
60 2100
25 1025
95 6270
21 861
39 1365
5 10
71 6745
14 1246
47 282
18 108
82 3772
20 920
9 882
92 6716
79 6241
100 9000
54 4914
13 494
88 6776
94 2256
12 552
69 4623
49 3675
69 690
59 4779
22 2024
46 3312
1 70
16 1024
80 5120
27 1161
55 3080
29 493
61 2501
74 6956
84 8148
89 1424
53 5247
23 1610
77 3234
83 5810
83 5976
17 1700
27 648
28 1148
96 2400
67 603
95 3420
91 7371
46 828
87 4698
98 6664
83 2324
61 3721
34 2278
77 4851
12 360
71 5538
33 1287
77 3388
23 1656
16 832
16 912
91 5005
82 4920
22 2046
17 476
72 1224
89 1958
58 4930
57 2907
33 1815
69 5727
76 4180
84 3360
51 561
63 63
93 93
9 648
55 5500
21 1260
11 649
51 1224
71 639
23 2070
43 3741
96 1536
50 2250
2 198
89 1958
41 451
14 210
19 855
82 6232
18 936
64 4800
52 1404
72 2808
1 98
21 651
41 2173
24 1632
3 132
6 444
55 1375
38 3458
97 3492
29 1218
68 2312
68 680
15 585
61 2257
88 440
34 1530
88 2288
84 2268
88 5016
93 4371
43 3870
3 84
65 4550
88 2288
62 5208
80 2480
72 144
85 1190
57 57
90 8370
3 204
43 602
58 1218
99 6039
98 1960
71 3124
87 4089
41 2501
23 368
9 72
6 324
15 1485
45 2340
63 2772
7 140
35 2625
11 286
17 17
65 4290
59 3835
25 450
29 2639
19 1235
58 5568