5000
3013 1361956
463 628145517
1586 883515281
2540 762888636
573 98152103
890 61402893
2045 9580639
1023 646139320
3305 484027667
775 841082556
1630 940563716
4000 579113529
3741 925801173
1276 70301174
3051 285845006
3763 403573724
3663 9467291
2334 631265401
3511 520690250
1373 491747710
467 643215696
1265 614608449
1432 456517317
1955 806956092
2014 528156707
411 158398860
643 743974603
874 37883251
1190 882264705
3009 877444310
2285 785986539
2615 732553408
1951 132099861
1319 555144413
714 19344368
688 506507264
2271 489726670
1043 793692317
2353 901329639
2872 29523792
3770 570497240
1002 706091348
2325 118054687
1750 307178253
1509 896162464
2704 271356543
2989 865692963
1998 593986004
2198 807688148
1899 468916698
3532 468884929
2149 675026050
3041 747075168
255 191528802
1768 104714246
2656 179252
2363 244081265
146 674385237
2070 641913151
1477 670850119
3578 197877364
809 260773936
1771 627715320
2551 795364952
434 863834903
1609 978767535
1948 717028607
253 328373828
313 913989446
1174 85199311
1758 585283937
122 499892264
3011 792406062
1909 937745614
2918 136611947
3317 654604898
1862 702064956
1421 243836201
3176 711659178
146 533456269
2038 738903070
513 6347420
3067 926891754
3254 408151175
3912 26183360
2134 141352740
3922 29895225
2087 141356141
1553 774860111
1234 760106751
3331 181391331
2696 394679452
3783 565366329
3162 155504810
3043 146632055
3136 615622322
2751 334302762
2387 305226977
3815 798641856
2002 245362314
653 582417935
2817 563361442
36 957259212
2949 311362
1030 361231637
3434 15933737
1999 744665832
1053 564361783
159 628727977
3314 467628531
796 645915809
1215 238727431
718 88331385
3647 870864063
3298 569235395
2289 781575053
488 692050545
438 17776007
596 54166876
3062 394647783
1408 258294463
1628 969193611
1385 184483001
3061 226179699
2286 122467278
3253 41427013
3220 164843367
3025 210101196
2148 976173645
2246 161894772
1323 12548914
3537 274117328
1465 853874984
3445 634292501
2019 691845672
2009 473847709
1953 635869581
647 420609637
2225 616806550
1326 53290126
754 961338088
3969 422589151
1322 416729353
438 800316994
1184 214934245
2247 394969667
1346 218055245
660 738331540
2305 29863284
1407 153203339
1264 778377584
3599 703186338
1224 53312703
974 781534199
3751 399552959
874 182061002
909 228141365
1496 472301826
126 430648519
3980 669286311
34 927216002
835 28692073
712 33339989
1209 431545624
286 939969171
2419 851655466
1051 611182709
3062 10986040
2134 827862934
2254 779079809
2476 575075189
2313 211940198
3646 911405559
3577 662413804
816 846206434
821 87516989
3435 330156387
376 206036264
572 695392392
1793 295261852
306 398615495
1457 248748593
2340 24601206
2512 9940127
3593 445134161
3273 750824260
1855 574966007
1897 279164578
1669 93898861
1892 927952095
1824 692477849
1072 936211524
3770 472616392
3048 459249086
862 830572585
2314 734324576
3005 52046927
1561 695371487
1676 463536819
1532 702243861
3107 148656432
734 497589119
224 367803781
3948 57022143
674 764116951
3129 667023642
3695 608970028
253 264619514
1775 719217137
978 857661294
2094 675902581
2390 542817957
3261 9719147
3532 784365687
2482 688620652
1403 479234012
2051 645203571
941 356952178
399 459021407
2961 534233339
3670 4860789
2681 888331741
2556 698565083
1181 27652513
298 971368734
2230 933552501
3660 5127853
2564 125553578
3732 622876764
3465 719103542
1654 71047394
2827 416880435
106 30920283
790 129735006
3245 817164486
2072 457827993
480 804626056
931 990016105
487 527093991
910 274625656
2379 593594000
469 756056853
793 981626898
628 424066479
705 942689
1104 166168414
3800 371382612
2798 54101850
2006 938805799
1338 153580929
1337 873825785
1185 964075734
576 246312015
2807 907070973
3793 197307791
2610 960417728
3923 561143174
3277 931392396
884 305337827
3079 769426421
69 790194362
2081 402740014
3993 34562818
2723 245478801
201 538681111
2072 229213213
3891 597649208
2445 578682611
1367 244541450
342 37570521
1144 348910355
2857 134311095
2785 238506304
2496 454885917
446 287122784
1756 29524922
1758 878730919
2301 21561574
2072 968637228
1003 677479193
3299 537352811
1648 694307954
604 494002116
283 511692849
739 29664505
3102 464058173
3134 10845364
2353 751217311
1461 600868095
1838 6464517
821 627018186
3923 535333440
2894 839153513
931 299911110
3701 323640595
452 204781873
2978 30932836
1826 275879358
2930 531397339
1899 362554319
3334 442693213
2065 510833514
1251 896492976
3212 934226103
1168 12882433
597 507745925
1755 488336992
3244 228485318
2836 707044926
179 904208143
3536 81298421
3184 440014617
2568 799805760
2159 385345347
567 141525951
3549 267602189
1983 713944949
3567 112956318
2693 961120585
601 416925247
3633 302152072
3319 638657246
1359 644791906
2216 513726605
3632 55006312
909 964247040
2890 612870932
3022 311565330
1619 866505538
3350 823396416
74 366740911
3378 899993388
1327 610624385
1814 815984411
934 844432063
2040 543629944
120 54458068
2835 394623567
3089 259728656
1445 185174227
2467 844878631
3154 146545625
2722 678890928
127 358418266
2406 937642151
55 854065141
396 638634988
105 248579435
2197 436823489
2024 407428385
709 649145680
1706 47993505
197 23825187
2089 381666329
2274 106958250
1253 721414362
1516 649230265
3489 801992666
216 650585863
3553 582637619
958 109458608
50 277976483
1915 925786548
1410 60324618
881 33521526
2884 432878830
258 14867006
1645 53105658
3064 648485303
1562 669083514
2849 423502705
840 916432865
2603 503676768
3354 449655108
1868 362295899
1878 449465821
413 162339486
872 506613896
3097 659821129
3838 471465801
3971 557261279
2250 827362756
1245 970638024
1731 513746883
1106 903655887
1381 789089204
1678 909431204
3340 101365033
2080 980720987
2845 366712662
3039 185182955
989 34741654
3105 192495024
3704 266958822
1573 883091690
1243 7741800
939 922829372
986 988954338
983 82355246
1196 553072445
2290 80117931
1610 811014150
809 727925635
1779 291520496
3596 42367722
1067 219715920
1391 27329016
3575 729965728
3469 906567975
2082 970396413
3680 27223768
1403 952971432
1610 286801358
2421 852680584
2543 600253360
2086 978444711
2713 226830732
2377 267170737
402 652960847
3004 817936248
2094 187312462
2754 212135539
2943 38703296
2626 610911290
1950 327059521
134 270264587
873 60795729
638 759086152
2271 563832787
826 890357495
1061 16487055
1171 986629697
453 708349872
802 300434931
618 921395015
3271 474696448
806 598719942
1476 10423805
1356 274838661
3264 142886308
2518 234387008
453 651592018
2847 415400343
1794 636130185
1930 984306573
9 37012078
2842 360032778
2962 311346251
3608 352376409
2134 443217422
3152 159653803
309 740354505
2676 701609362
2865 891825968
2936 33220742
944 401729566
3796 798404195
3166 841491217
2469 133423337
1481 183584169
1643 241685563
3299 690751277
1197 344336225
867 296844038
3377 670916806
3908 764652353
3877 752210107
1317 408994577
3353 531661810
1767 375376203
2465 706051
371 852585193
2040 578368491
3345 103863688
1432 720232072
1490 611492330
1059 787545374
2375 860278388
3614 72115669
1063 676743601
1680 491704888
2605 797117645
295 251649463
2199 959170074
2419 661380134
1352 811963279
3433 769649213
1415 423873860
3874 817973782
927 386916344
2010 70564786
2429 445560715
2769 241574260
3925 943765892
2989 35525796
1532 647876492
2774 253005294
111 609812976
3576 42444768
2155 111190563
4 52703599
883 794461499
496 26939507
14 728288879
3859 76379174
3462 954550687
490 616210857
2378 895833548
1941 55446143
1933 876142491
1274 337284880
388 17670615
3521 930035496
556 808858092
119 677247093
3970 417384045
1804 351844108
457 526275982
1908 69997029
2983 694185387
1898 670987610
2888 533813695
3560 399424940
3066 488016878
1648 848816510
1423 55547900
3142 690871384
2335 982826451
3411 813576486
1059 389645312
3844 466721974
3963 671834678
585 520740926
1352 747666379
919 954420179
3315 860514870
327 87281907
3396 536090519
1268 925541628
1932 432187695
1056 999519154
1916 564492772
1712 51454397
1771 277095614
2540 878812968
692 32036205
1920 111036900
278 205546688
3293 58187843
3538 588328751
2424 830112638
2768 155665234
1226 642632239
3995 762137192
3535 15721175
992 327761105
1991 201049689
563 727276692
536 132479614
3754 244760538
234 490366063
3520 657779569
1802 920857406
2163 33928011
3751 73542237
710 788588284
1208 605254692
1568 192329791
1748 896296016
2219 475887985
2232 322781823
918 311039508
1925 904950965
1044 478926669
3807 36632538
2331 619408999
2575 623322170
549 946605902
3298 448867332
3474 340433685
136 65663435
3013 478075505
3989 650909960
2658 972605499
1156 18159765
310 551840754
3407 741560115
2383 55245366
2392 730976774
224 291324238
2308 182391572
734 597872547
2010 642302409
966 894038595
3688 5764982
52 140504416
1502 70068685
1549 397082830
1425 801484135
23 887960200
890 641189950
3099 253831467
628 703747124
1578 549197433
3970 56960906
373 99430872
1158 893700457
2132 987546320
1035 448749661
2720 32422801
668 365361364
3448 838820714
3563 659391908
3648 749113683
2539 354430082
1949 14298213
1334 9014924
1243 456489052
2472 177855680
1767 539827228
3202 576366211
1589 375095337
2856 589004827
1691 985229101
2275 480928564
3700 578409078
2687 690936671
3807 155823222
1198 795539599
2109 126878529
1988 217797018
726 816763666
3161 680859326
2164 423616710
1514 743027737
3623 89695327
376 667026480
319 53344643
1415 444764777
3349 324574203
1632 640282000
2211 990633524
3792 682527318
263 643741633
3879 50949070
2148 881364439
314 762746862
2529 297486287
706 900417044
1512 29777832
1562 220358014
1160 945766019
2724 22437329
3252 458543909
3493 26909587
1218 349864056
1380 291365553
2604 264521226
2736 577220857
3666 22951053
2135 387625121
566 531638357
1423 749910719
991 69192157
2225 226879950
182 465099330
1721 188988464
3404 23083463
903 20367014
2067 673138255
3873 511899353
3872 794784742
2191 409396693
3311 79900985
2909 75053705
1919 845681177
1853 451779656
2226 354781691
1858 550450507
1518 986461819
2982 977585453
1823 677853653
3269 617431917
3730 142321003
1728 428052976
1628 21525570
155 391888764
2961 856036740
511 358865470
397 505972479
3897 486789701
398 832405413
729 205351940
696 17443338
3508 72480980
3280 588312297
898 638081904
2626 931942304
1952 937412215
2811 366071983
2319 475910894
847 586150973
180 843436219
532 267404434
246 41280299
2917 1404574
739 438723437
3424 387771505
1067 220812052
712 796737473
2339 539680409
2628 950516840
1700 451997655
1886 28154083
2121 43733133
3782 293751507
213 4821728
3948 691412352
2314 358598102
457 373071953
19 968680412
2007 782782293
1179 167876929
2836 453412798
2100 533873848
1379 211731040
3889 933839834
3371 464641590
716 52266402
86 230324958
3809 589212912
83 61727512
2576 171393798
788 272303947
991 113965582
913 906725376
3094 894959506
2851 234999909
98 448126721
362 360399051
595 643298353
840 613378344
2589 478735832
2563 206459797
858 682582034
3175 486760145
358 395011806
3554 343124157
1122 964090017
934 874416351
339 749078689
1770 65163487
2976 258447755
2922 574773516
1591 442687470
738 50330840
840 584701118
791 594422615
1864 82319314
494 714922949
1039 902103654
2099 61328381
346 40206233
3219 200567554
971 465776880
3362 285260154
900 219335889
438 582039598
1744 34362633
170 260640908
1114 925370183
157 780437797
723 930617759
3504 358334511
3024 115916040
1803 918484484
2346 880816094
3225 681109409
2813 345890912
455 307214632
2761 591142707
1641 50458718
1396 237986269
21 801668910
3078 660936011
2021 435609124
2123 59422284
2586 492386035
2069 643020308
3476 645373679
439 413800634
1659 282255764
2219 251653050
2137 757455613
1453 964982388
1053 799400558
1502 570537642
3161 104940747
2434 907846406
1925 383897374
1954 965967250
3419 631957781
1546 545044030
1753 590888833
1644 294346078
3874 585268952
2940 273393193
1468 955882932
1810 258210107
1971 17381202
1132 718477075
2677 202798612
3305 171199126
2484 920587775
3438 721070987
3560 673072958
2340 313880861
74 918886557
2904 692835420
2266 943870479
1914 994017979
1082 918279977
2143 602808468
1808 257124772
1792 533486496
2792 946013151
601 111840639
1935 801194842
2762 770895414
186 284943164
600 854185644
2973 329041614
621 753668908
3060 828806142
3764 129222118
1853 882302429
3647 93411693
3196 774102818
2753 699466555
854 335496356
372 173659689
3255 122914788
2612 187360503
2156 46586241
1697 63154890
3593 817306561
3937 872988585
1220 696151311
2172 576210687
2264 430883447
3231 164902428
483 274043436
3609 849269940
841 892997123
801 397707614
1007 656272885
2702 959179798
2656 33245857
1917 376694972
523 222758855
3407 278327699
2211 305221326
2696 880329154
3294 434248000
1329 756559830
1046 331172680
1879 499978302
171 597646907
2154 612968398
2175 404724492
3295 68726333
1849 147809494
334 912416936
1955 477696854
437 648324108
2892 929193326
3123 331036623
2311 294245284
13 442071096
713 887679649
1933 659370226
239 598906290
3166 297729933
2774 647229770
3217 493897213
2881 49544574
3835 620604697
3606 422799495
1365 740112157
2913 720234820
2043 434037289
1936 154642870
493 451730112
469 719405442
1137 734707274
2471 716324978
3727 186051986
3202 766396660
723 331968328
3362 827505305
1455 64592000
3404 30829720
502 277020977
3397 409598025
1698 612184760
665 561550250
1135 776056402
21 719879133
3934 407547301
301 978775976
3027 250359608
3800 190724596
567 848611574
591 902876238
950 839649967
3025 6397801
1154 213151895
673 15163290
719 19831750
263 647189338
1077 161601206
619 339384776
1105 32297928
1469 613589797
2500 502612927
3376 7383894
3987 165586498
1338 118273637
5 401073759
2710 540657408
712 447200515
1954 514878713
2028 659628931
833 205983172
1382 72715286
2970 63895804
3406 631957081
3031 928170719
3714 318823881
359 509095629
3841 504131660
29 203303373
3505 46251689
2959 769512711
2841 355379467
855 822714443
232 465285507
1941 294614153
364 292220547
2219 269839959
3867 269978979
3328 272443503
3374 582509791
1310 518133293
1761 67259799
244 542699029
2836 716195470
116 649077835
3661 68848044
1014 804386074
1396 613069884
2803 207650670
3318 594072431
1067 750317401
642 757105879
1696 410138770
2767 56592108
2104 201220337
3764 183145866
2591 57479412
2414 98700401
1027 313749566
1438 906009028
502 669006866
3048 651788427
2255 493336028
469 538700594
3561 912083881
306 70484999
2179 676105386
2383 16322495
1470 293495733
3809 266894833
3459 389177796
1312 140639130
1818 736335988
297 66062232
1203 32356998
3166 303955247
3457 198117474
2689 45340295
3387 643888783
2844 33616171
1433 320908348
1661 520883339
413 476789691
1010 568533116
2407 123217665
945 198274483
3039 838347303
3410 624777805
1583 429299179
1939 937858122
679 150518320
1844 824689677
2135 782033017
536 741625566
984 452777586
682 609921385
1188 650807400
949 256031292
3737 20229068
2155 523193420
2074 639728052
1727 758845809
1006 14069594
139 194852069
2783 473979547
2315 72037321
3356 25728633
1536 624787872
2872 208231321
2254 917137106
808 727364806
3710 21575467
1481 360417132
2332 49772633
3288 784911390
2362 379031665
152 972591888
108 172352619
3951 918376093
2474 94523041
2601 671133123
529 437079892
2612 36210338
2242 545294632
3874 22270209
1441 64029603
3915 664514761
1784 854359473
616 592646280
1042 991580195
856 491211759
3392 171794475
799 788458068
1687 420520417
2627 16476465
2031 30466242
3981 284628643
806 612226092
3470 539524076
1307 890269155
3127 159209457
3475 432570511
3935 71589821
1112 862199867
2305 879839996
757 855297752
348 617618049
3004 473919160
2929 290698945
1600 800900372
904 457984085
2843 25084550
1644 189062268
1192 492181391
714 61343126
394 353141523
3958 17123242
3364 514914520
3750 71646945
1663 483394058
3029 217456137
1703 877947322
3425 32087315
2382 247312218
525 219639701
2215 73959747
256 634366793
3756 785151791
2948 721979020
25 582476991
3016 664293600
3727 311811063
2815 604780395
946 413747133
3295 619597685
875 693192285
1090 285290734
1223 759532552
1352 65525478
1110 64542032
979 778652690
2253 758507950
2378 547721550
3748 480488956
1719 610524181
3224 851592955
1929 21466891
2250 533416911
210 246546036
415 768772222
1738 838466234
1374 856117364
3018 78867179
117 737173762
562 585889592
373 34998746
2916 560579448
2673 541303189
967 737032610
258 817869870
2852 192210007
1606 731154820
940 343038294
2204 248341979
944 24799749
3786 608999003
3368 461873135
3480 873546640
2477 204206912
850 510874601
2782 71601995
1161 509926969
3839 842566917
19 867281977
309 130655111
1319 893406467
652 341632656
2273 189806488
785 154615553
3876 297532764
760 190328671
2195 574033045
1943 834166356
3223 110101232
2409 730542382
2525 317657083
3981 243136094
3540 672524204
1316 217489403
947 497075416
2518 341282365
2897 340097981
1709 322660866
1451 806624377
665 666275660
2562 985081233
746 899221441
1179 766658155
1273 615224617
3101 614707668
832 116476916
2358 931332218
2525 652656050
982 21551475
2387 36202905
1714 875587252
233 297302274
3906 401539995
1033 9792492
3172 402703206
706 403790199
151 4483002
3719 402199659
1408 752770845
3182 75621295
2793 678146940
3153 578661074
1629 441471142
2384 20602501
1421 518882510
3853 817774367
687 763383053
335 537600792
1849 710797277
2047 593252750
1962 557217696
3182 577105091
3457 659797271
1998 781708445
420 635089388
1716 22685989
2331 201894696
444 575730952
3507 695626685
3109 899172377
1979 810860286
3985 839416269
3466 531723041
2982 64373182
1815 363916228
2224 21215785
1567 164906085
220 785733743
2786 791970537
1215 362080151
295 53284886
109 726992075
212 697990169
2306 176820695
3030 856980737
2076 8806317
3839 859325761
351 767613668
1187 14816306
1232 269087284
826 67637903
634 483906811
1858 804975863
205 92269500
250 631418479
2874 152050842
103 36333789
1176 848483809
3058 994068878
2562 61857406
1480 625700785
2422 754250370
3994 163105497
3223 805804451
1339 657730431
3084 301258170
452 65656190
3871 929499974
1523 298423445
96 243545576
1671 19022057
3071 623567589
38 150198144
437 657669032
247 454751943
2460 78749757
2665 238743309
1938 3330518
2858 905265926
762 620571978
400 147256393
2170 626193809
1364 843421137
63 548253258
1490 224489088
2740 302220853
2347 111422359
847 637784505
3171 645047104
2597 961942879
2339 55158533
1712 54810196
215 469952086
1584 234567403
433 437182726
2343 415354137
3269 2072526
1307 172151032
3179 644561097
1336 214598981
1568 551652854
1516 941485026
453 897082298
3529 666583124
990 13068123
2406 958136902
3252 233684358
30 838045700
1716 482541770
1328 242143488
3662 941922331
606 930377809
1495 909002576
3374 551921455
103 102042533
1516 266213241
220 711638585
1733 150091311
3285 458770065
3277 644957688
215 283270419
3450 379871645
2188 891706764
3719 34477708
671 50454443
3539 430739286
3009 844569476
2879 221630001
2856 239241230
2835 693860215
938 459559333
1497 503852069
1830 672959112
1537 748811357
1019 711272284
3068 44789732
335 169034152
193 571429541
3530 320039511
2378 860855084
3480 263097401
1719 668279083
3659 180805249
2603 103177721
662 974645064
2858 63144206
2707 276270601
2050 191449737
3806 941014564
3359 726365610
2776 884939100
756 727298904
69 773077592
2681 192722076
1070 567609125
3656 702039332
3136 41830834
62 285767105
1547 596808787
1120 778360554
3460 265117759
3668 809419574
2499 795837458
1124 203471333
837 410641483
1343 756009304
139 746942415
855 164333973
601 587653733
2916 588031684
1081 999003960
383 700906421
790 402418520
1000 224803928
1505 54552121
3521 840052802
2959 92515890
3792 250346799
2584 577517311
2849 877560186
2618 660949055
3393 974077607
2996 601374199
932 364663770
2668 789124366
1121 417302621
3466 441892303
3633 389834270
3674 192446058
1971 890168366
525 52796275
843 491659587
952 828034145
638 535572023
3572 864938512
3992 940796039
3421 586773823
2470 979952853
1812 215471891
732 726395239
3741 943517075
3408 24817317
1441 408313386
349 911764383
236 648869928
1057 2202757
848 627189569
63 473473324
3040 158496268
2014 56530320
502 217292933
681 730789452
2767 693515916
1421 909970212
361 967036516
3166 110748028
3020 79710004
1713 70421726
2142 799677321
1603 725267320
2349 398050259
2513 113202331
3945 350234851
2046 988964670
3174 602580596
3153 962867833
3871 951983519
3924 48263690
462 949720932
1622 363610323
2517 475821864
1866 63312730
2457 984923442
2789 824689223
2017 980637997
3748 973317354
347 750718121
3012 17284019
2520 257678746
1767 630844087
1963 920885463
2518 572277810
3117 554525853
2554 304702208
28 787079945
1922 550884642
2936 119661729
2048 519116351
3364 540682956
1163 21305889
3275 852539989
1854 114550580
984 333299180
2808 119193866
2749 921925797
91 676389593
301 410830968
2989 34340859
450 268515519
1690 227020910
1560 174073018
1103 71273810
3024 739502606
1920 876298605
1870 460303170
2179 4521386
1115 853713473
3347 365584790
3364 456426204
3983 286790626
1401 231173445
1816 792053476
2382 54306452
1494 740524821
253 800693573
756 152928660
931 689907640
191 987272866
2079 491920048
1227 69788196
1174 846600661
1006 508021796
3633 885634098
2051 185023312
2237 820266679
1384 924853114
1706 905473720
1216 107564566
2925 1150060
2322 766766783
1023 173462896
2760 956988850
827 155678529
1617 972169810
3332 217958853
2592 497724834
2108 191697347
3467 728540366
2446 312824679
3564 715873187
1349 588035263
3267 827531026
1202 832958528
3090 436989873
3947 307058497
992 578178105
3142 167306367
3415 829230089
1122 150462103
582 88492450
3199 221579919
1119 168844585
2689 745893454
2074 399795944
3345 110437152
1072 416639438
2043 533542963
897 399570410
1297 586163484
655 909959924
2342 195644498
448 176888516
2356 952012210
3904 644314072
3863 642869497
284 83172306
560 270118990
425 554996216
3875 1212597
827 866038195
1242 716801693
46 430329105
543 893844563
1345 582539075
869 200704140
2357 119283487
128 574990048
146 101915038
744 13227081
3299 739720287
795 64493480
3573 18802723
1656 667602496
668 517464911
3972 60504121
718 787211374
937 959619358
2150 289287340
3122 295234656
931 707474012
1808 249181649
358 415947634
1560 742613545
1847 355289097
3395 741964677
3072 916335839
1549 310203363
177 568507860
662 107526055
2650 528033903
1060 489664537
2036 433823321
3806 203478500
2329 62681056
595 48477080
743 642299509
1937 767178794
1569 392662830
3759 532724079
1774 402285893
579 623740580
3704 438029463
3468 32850153
2638 794913829
106 41465282
3939 521795735
3265 465186709
1004 613269172
3002 497240110
1830 356597228
2946 927382845
3086 791728846
3433 179747543
1382 252932498
515 316614641
2871 244969616
1674 902183145
2378 179331783
539 53528573
3406 297402967
3221 15366609
1685 970468103
2077 552901613
2678 522380480
316 131750716
2829 166526480
3743 21490319
406 23620776
3350 670052632
1782 736983518
1078 2367215
3122 422324524
3128 136549777
1398 477820591
2743 877671516
1488 286150569
1013 554547476
2642 735434495
3447 855658593
51 968519612
2308 82195023
3342 98490252
43 30901452
897 669012290
3866 663113261
1680 974544722
3751 813594538
1760 936414808
907 644210653
1948 60575631
3714 473791816
916 360506203
716 278761676
3481 288478144
2223 939288626
2466 74743528
3539 786870437
138 221720993
3876 340056374
1167 669536732
1108 194544983
3412 632101167
2967 658411361
1952 178806612
1157 984390414
509 338982056
3323 347256831
3418 656772269
3449 565875768
2538 638367880
2118 906575519
1859 795963780
1800 73478016
1695 68596621
3884 575315212
478 356165558
2948 910658005
482 986930868
1796 908045140
3282 299015008
324 253200995
2552 40021305
1026 466677700
1955 774494944
1565 109319832
2501 109436058
90 323383016
2230 181462737
1955 306540576
1903 782025875
2819 973699982
144 670532113
747 699649768
1819 631777057
2256 323028675
918 762249661
1611 231190813
2381 575144066
215 263679956
2606 849878322
823 286927660
875 784193331
3981 366236749
1147 112377358
3780 535017411
890 820579312
839 161505277
1956 943673388
3912 133957582
2334 843786679
2298 348331247
3501 496931242
1463 14439034
1949 671364548
59 780583793
2459 482435813
3527 865903925
1467 987004820
1567 601000463
787 859248251
3851 49689515
2718 253554918
1402 523236759
634 43448135
3035 323037129
1419 215834036
418 818293015
1142 41978471
1258 309719484
3910 666293309
717 375305689
1418 882178873
3437 2889714
1301 652864766
3278 56748909
2557 8310616
249 899516183
285 760617651
3963 685254558
3443 300827810
2468 765649432
2754 25033306
2089 30334075
2481 473262901
3266 213078562
2154 360686383
589 90165839
3676 574813548
2729 686315171
1722 253589168
892 446796711
153 51199462
1421 301602119
1942 263647386
1386 884547922
1582 731253118
1860 423700987
676 11676904
3982 818794587
2686 182219602
1634 431355629
1512 92252634
2011 430498832
2672 770416832
3292 72755848
232 797946859
2248 800218622
3336 500473699
1096 304775547
585 442374616
3784 821218801
11 591953690
3386 943436467
48 157977247
1585 554869240
2398 244720128
3271 60597083
1281 735457148
3672 291173982
1190 68436596
709 929449186
929 610335725
946 682845616
265 774124817
1128 273690356
1047 292289967
1492 732223677
1642 824530102
3046 213086078
3078 351710397
2610 72898192
2960 126006911
915 881384110
2419 480459607
1859 177558647
2079 531433416
3332 560454384
261 699459064
2362 197428735
2652 531998768
3375 109723889
95 419447645
1902 317697269
1900 759986578
840 952603551
2630 722605188
3314 817785189
1140 901885965
3653 915988517
3456 201757866
1788 58198430
3065 906371581
3641 806750706
146 463391051
2561 57446443
2369 44701694
3100 251173554
2977 893080101
1654 888370649
3344 266247407
1537 50153555
3505 937146676
3120 476353975
2154 963857900
2045 871216897
1639 237060789
2212 438591760
2646 182037073
37 898753833
3210 910933286
3686 144326002
1464 119628733
1743 599547768
3229 171757892
1965 70538410
342 821767692
1903 4562651
3974 125030923
1516 493606596
2003 314019675
3771 916923008
1385 387058873
761 213444111
1014 105361414
1703 603537363
1964 366450890
3977 245222166
2050 27254956
2633 519303810
1971 472164347
881 27513510
1630 146988073
3636 72671864
3781 100324939
2694 703850446
2030 565097370
2976 686138852
3940 989460980
1597 961930201
1783 812647004
2463 225291570
1496 912388982
1867 389144150
2238 353848332
616 985691920
100 252968331
36 680623375
2345 794039942
3216 532082281
3790 66433843
3199 404505620
3643 645413353
1515 348652652
1370 771215784
3887 505111985
1275 829632657
1198 604930181
2030 873112682
1899 141988466
3372 517367579
2606 289525858
1391 657013043
3238 45566245
2741 483462244
2753 565827566
34 542391811
1398 503654102
1242 20242825
2236 611303768
2795 70032149
3792 422131412
1089 292620775
146 972836109
2479 183616230
2505 680280746
2157 177724187
347 479666616
724 142934580
2997 43702310
2852 693644546
905 672767048
3551 879185915
1835 298781525
1644 839068089
115 570138601
3701 834116985
2174 681599620
3081 948542877
717 22439432
1530 389555755
101 496110143
224 679200587
1037 920768083
2292 927481804
1427 690828116
982 218769312
3015 888549046
3911 669559388
2878 697904336
3376 419746233
593 931963742
1914 179953686
2907 715109375
2739 786217715
2207 205348536
1807 352118135
3711 766035056
453 681741035
1062 440465778
2862 395385149
447 834463726
1161 537291647
1148 711934584
794 116950117
3664 998508167
3430 911792330
2933 792825591
152 55749163
3271 491271816
2208 478867754
3558 214993500
1999 543184908
56 55919229
1724 455886140
2565 550766165
1858 763459014
2457 637889332
1055 443394013
2950 178604750
2646 35425110
3200 34965946
3854 706739754
639 859563508
1362 799113976
1600 515421532
2031 162729857
2180 355531829
1017 897717546
2319 394804646
3493 808998269
3114 79468605
48 490241192
3266 874915943
3159 341789692
423 934804217
221 407164015
1390 104599466
2409 880361755
3855 228223894
3493 63418814
1064 756169661
64 511059256
1368 394102657
1548 813888527
3524 496038700
3585 937876206
726 538514024
89 718607649
1977 708856518
1905 100370203
2974 868664887
1550 46168305
3834 189363606
1206 897900765
2086 679322396
83 333725115
286 645141737
2387 586383759
66 634830722
3755 226593789
568 388597838
3631 576173263
3271 755669016
2107 981034611
1342 913456529
1966 123881595
1963 552755146
138 155908635
3845 586580158
533 761519278
3651 235229126
315 337112625
3202 150916131
841 61925830
1858 844953464
1075 681554995
1993 712218700
2511 68204641
3999 95489165
760 272881629
2641 652028936
1421 280248154
2799 22723314
3087 402935597
3022 56945762
966 10103248
3110 676459732
3549 411126368
2260 852634792
449 246046
2809 254755489
2438 39926257
3929 495877735
1986 140003
1534 606835461
816 273977504
3859 698384747
526 974150394
2249 924814061
959 990621544
3445 45298627
2858 572040578
2319 25351559
89 356620678
1749 571359674
1531 792278
2918 779023423
3459 699880056
2632 379147741
2215 863745429
674 580587202
3105 53587450
98 215836923
3665 999738010
3193 73483005
1497 511840778
3770 386044447
2784 60057348
3839 62453022
3760 511238885
2116 886232728
3992 347350575
1481 574267281
2890 670086919
820 464845296
1086 171383223
3917 991896323
3405 70249261
3520 51872759
2615 761822587
3103 188683873
3742 243740245
3486 376603320
2568 328734102
1109 957519577
2817 675704252
1121 692057730
1846 565659751
963 481499095
60 348719326
95 318834144
2119 341175946
2174 131576584
1363 393195384
1229 222256031
991 128197339
1276 232388697
1548 926612360
2784 925057230
194 64538745
625 196197880
204 113951051
972 494234808
2423 791989440
3602 804810833
1239 744513341
2184 43898091
2178 32936781
885 48587281
467 702221852
2567 648412468
873 577448444
239 777067558
1669 616378596
2208 255117215
3663 48375532
3539 95759804
2449 774218962
2790 261342331
1562 625754745
344 237632576
2525 181768549
3919 279675475
2448 591013696
1555 107418463
1070 992852055
3280 419716597
3285 903627293
3640 784692487
3368 53331368
126 348574317
2318 40388655
1468 289270116
1457 846667666
1838 498780426
576 203389138
2773 157830883
3309 743028372
789 55175511
2384 675318179
3799 209578545
3011 797332843
295 310110498
1955 437803647
3831 827733564
2741 514683155
27 502881399
2975 821482371
1035 946484272
1579 132085962
2820 101352869
3144 197951244
2599 332610426
3624 752657933
280 10003767
450 556390839
2529 793299399
818 184929431
2252 556517883
1492 121545312
1997 941839109
2893 593209960
214 552345854
2626 4349990
1440 626757984
3647 41826234
2184 648201612
3986 745808997
816 66063173
3341 145651469
2522 246911283
3175 41594042
721 686314850
3035 835470620
2656 859073472
1927 359663874
184 625835683
2735 492316900
1295 868195136
856 517313882
2363 573719605
2029 376677283
3451 34130432
3422 372701215
3727 51651973
540 467534037
1595 331860108
2366 253984750
807 326955073
1310 670606904
3266 380991922
3389 19985317
346 989047892
1659 952361929
518 211027583
832 973165663
3773 420270061
2902 400540612
2428 690830400
3532 288606586
3268 593468793
1333 579656358
1625 367568513
551 74732691
708 690339235
3132 296490797
946 969891600
1140 359804807
531 456560474
3473 29200982
2140 25779706
3962 226453107
3525 336361419
1273 987914077
2155 660556172
2461 93038516
207 532492897
920 953834431
1334 993642066
194 774312935
2215 67313867
852 856063802
560 715245338
1614 394464746
1633 137796341
850 610675659
1871 146726129
2822 963644120
1587 28636428
566 328990126
1097 374998820
3696 996008463
1073 99041661
3878 451287905
1745 165380928
3343 12735276
2832 506838262
2311 807830944
1277 390896913
2250 455034892
1350 605225571
189 752740200
3682 945127077
2821 39352013
231 519629042
3789 371975671
1940 876445769
2437 449480650
1865 134094350
3358 617672906
3274 669939849
1999 60507553
1408 299693414
627 221090205
375 233835572
1768 409275696
1985 820787430
2290 121879662
3922 107740757
3126 992561042
834 589691067
3711 380772217
3790 522813498
2652 737339429
2231 941710163
160 314209084
353 462520687
3617 651250311
502 421031258
2394 775670387
3073 17970627
3433 662064275
3411 283242941
1425 69048348
801 153311041
1145 825368167
2019 334999977
2283 156201331
3510 356389431
182 385127009
764 141642892
621 12712438
119 182794545
3077 55536924
2674 235407378
155 393221985
184 832676606
1260 7452023
986 101982248
1627 39538610
557 916178089
2222 2950285
1098 462264060
1809 35873573
3565 882573696
2642 603051453
2454 185468154
2595 721951800
107 7287056
1372 80729762
3252 718072015
3382 753606568
925 451895589
2161 997734171
888 849573736
3471 458013808
504 619987406
822 674986307
119 67726322
1938 894254032
1873 996235606
2640 990462329
551 840390619
772 766325059
3165 354345547
2373 997369432
28 159806159
1388 852314758
1169 112584057
3512 279478463
2764 414116540
1165 917315479
1602 172853742
3696 159103945
3627 931705805
2860 921600691
3076 128967928
433 609952981
46 263018609
1008 80826454
654 474270241
256 391691134
2027 609503572
3227 221626173
2131 588520249
3682 405012899
1142 441888100
1397 547106918
3625 19713612
380 604949344
2245 2961868
1697 992378638
2502 396832678
339 134745873
940 368040443
2757 210981041
3421 932892117
3309 681653589
1344 358010781
2917 4515084
3683 43049893
462 168454408
3671 968602272
2376 87713309
175 847390757
90 403990342
3301 135653680
1104 370423841
437 157713568
440 774852462
1472 385806266
933 18106772
234 759285924
1164 527201052
2363 380512491
1578 807035700
1986 102467582
1756 48258093
526 419212721
3140 816216061
275 27112634
3883 632065725
2699 425958711
3034 4107052
1459 453996327
3935 56011563
874 83520748
815 47761471
3765 593057232
2878 198808595
3517 41564285
1512 550904051
3087 151311747
1356 764831826
2299 976949717
3084 251747652
2230 540637516
1870 754417925
2648 506843427
1021 9747824
2783 717240954
1257 40783752
618 839050451
3843 13779443
1854 536989848
2210 504002426
2725 316318099
257 916014475
3850 889553268
862 796663479
3166 66766926
1597 745196852
342 611709210
867 773143900
3947 548194355
1307 409425964
217 916058585
2549 549809606
64 272083630
2945 609136623
742 156914748
504 639450258
3667 569362285
1236 897759291
1555 406828817
2835 11677341
2360 724345436
824 889372428
2933 74635109
810 153420548
2564 182977960
1139 393202848
3457 482107524
2530 571940644
205 834228670
330 621441908
1452 629390332
1697 338870938
71 702106955
449 28483651
2667 550658458
2122 740844867
1416 522253629
286 887745037
722 374384491
3396 44926780
1412 654855360
166 835674637
3192 457609660
2707 780399330
2160 145206594
1565 522478528
1936 446538521
540 946514130
3618 79140462
265 524936420
2160 484289616
1444 925733865
1390 496074291
1838 406766966
3598 271522926
144 765323076
3817 523018429
402 677298
61 274387136
2565 237680704
2281 656560249
986 247273493
1267 784884946
3561 48582266
514 749389333
2923 845589853
2437 981566066
2239 897479631
2634 144633981
1929 723683462
583 137245101
1230 390448220
2741 31161054
1145 689065166
3216 974563536
1658 690814591
3512 61785254
802 267675570
1171 136551527
872 63099603
3849 3634560
1607 59774702
3719 131960640
765 523842614
797 577257307
2893 431336064
1983 879600232
3646 459319237
1223 738475107
1819 238383268
529 916153644
3889 128488669
1150 591264518
2227 518678999
3954 751805721
2873 723686684
1943 743351792
3325 699737815
1047 856899067
1693 209667165
229 219061774
2524 806806177
2581 722332128
3617 973967550
4000 888588941
3894 523194993
2401 67670293
3754 297765532
1370 85911771
1359 398423493
1872 49027622
797 153466005
3594 406838435
2029 908519001
1238 172014050
1279 896488324
2116 179437525
2869 442935339
3274 573490004
2902 325959303
2270 40759963
3212 807401847
1407 8320970
1157 261205756
524 923560804
822 915546811
2283 278484688
1107 233476222
1892 969213659
1016 144623283
1507 998731317
3428 841634027
2042 30821872
313 616903261
956 804268548
1085 664809569
2243 512358349
1596 891727093
171 706552971
1059 691900731
1557 723932641
2950 394545145
2149 6073430
1851 160614424
2564 721356760
3005 624766757
191 352716340
3339 986704851
2885 661510559
3718 995260535
1997 175266096
2390 382051722
718 862608739
582 40170539
806 520413848
131 652509339
2995 864861074
3009 917798079
2429 187028473
2614 742210209
1770 638419672
3645 807552751
520 81653023
916 662705019
1767 717682722
830 707670457
1532 131419161
1346 553491780
3776 187655838
3306 200873562
174 492092722
1925 816188507
3016 39841720
2278 809736270
2547 608471800
739 101320539
3063 85023517
1302 762180946
2528 422432311
1951 811267875
2047 161244858
32 494458212
1162 507002366
1408 644339407
3159 267949757
3529 637803200
1381 53313432
1290 245498811
916 700417426
1557 5321188
3752 225736339
3106 119147910
1705 36254694
2570 20996493
326 1479867
2637 763364875
3598 638474406
2188 558996151
1429 599534111
2928 656757097
3541 199700736
2562 77973663
3882 246297866
2832 687437308
2517 466374752
1646 50176195
3002 752136714
1651 66200160
3554 930508915
280 800682720
2778 129526763
1116 386953076
3602 37568807
867 567900402
2239 243354556
1842 55888980
3897 689584295
2997 6511927
2782 502802632
1753 130691676
877 715481954
114 879295531
3371 142973085
1238 528581419
2818 521614341
3616 486068363
1341 506609416
2351 86712989
3821 4772731
516 724510549
3367 883301910
3431 991381199
2308 833745139
3426 2981318
1535 791307795
1252 322324509
1179 141201881
2528 816978778
346 111625613
2636 924414246
3463 321741274
643 220160463
1006 296008017
3075 804277958
3262 575701732
2351 695475489
3469 206330987
3278 780927002
2516 265149731
1866 626185102
1071 543537194
818 324863615
127 121466628
3864 872027538
3880 760812569
1716 913544594
2931 232234292
1024 608947691
2221 271599110
2713 796943151
3685 175440545
228 684167573
3570 731021821
2087 500430709
3019 227459191
1612 529461198
1197 801712717
130 811498688
185 423382563
2459 442581522
52 582754177
174 766513069
901 691456338
695 647986207
858 670306407
2770 6276377
1795 987153906
132 357202929
3093 144296460
82 688778273
2376 353639983
1320 50452934
666 997525436
1139 844790306
362 277332598
1576 537311258
2398 753910533
1307 217071289
2525 527075701
1736 943264683
1845 118522804
3437 763380163
1655 362020888
3150 991597430
758 964800470
1904 274390365
3212 813578636
3998 63658167
3285 25844664
584 24153572
657 524295998
3550 554356459
1766 840145382
3098 609370613
3292 177389788
1907 490372048
575 753966
1323 9756781
2913 483304530
34 106581858
3349 879357597
3488 869927529
1013 166499789
3951 906720223
3037 539488640
894 633440070
2830 394590138
2720 428678596
876 944275299
2251 603388065
833 617583303
3993 969006029
919 869519892
458 2766936
2977 849765856
3232 52979447
51 259162528
1826 330068614
2117 729839154
3770 232911488
3093 359519316
3447 124614025
3362 729161514
2699 632224741
3089 632131260
1934 469631486
1580 138535542
3993 300915426
3166 35617191
3564 831462082
440 423213058
9 497340788
2767 12362783
502 267474162
3547 62755835
3583 527391706
2842 65144180
3090 781428716
299 758425807
2241 26116238
3252 6529842
3491 15561547
1565 789041961
2387 165961807
2578 125373221
848 679428333
3653 850021880
2940 569394714
3273 510054747
2973 684208367
216 261394537
3518 517142315
2094 477392417
1071 55881135
299 249522151
321 156041984
725 780818435
395 364202440
2644 860014625
3656 633279317
2389 523326416
438 488200728
1320 18291459
1881 9368104
2529 512869523
2710 45579197
3802 106270907
1400 539839413
368 175405978
1134 231757330
3714 580317108
203 956963450
1589 910231665
3685 396625589
434 252863645
3511 161569587
2758 855705831
1311 662590852
3681 648106594
1280 947022558
2488 392001799
3585 279876250
451 767271473
2892 396271799
2240 127697695
1936 908505173
3950 444240757
2880 753278524
1971 34506172
1009 309728083
86 479595485
256 967417641
197 285889962
1418 70457455
2033 627533653
2706 48875900
1933 55468023
1534 73632968
1490 803620875
762 424050033
1982 839798768
3092 74943417
1073 145450603
318 553690502
1071 182520098
1360 910872289
1856 368009506
3779 435717751
339 661366106
791 42837531
2134 529141021
1965 665784130
1760 727044772
430 207589766
1416 385172874
2659 423930148
3115 132640078
570 551778173
2314 524827604
2919 830048152
2953 67817445
256 323082399
2961 356272042
385 783218782
943 71705397
38 447524295
1810 388609785
3380 316912497
1393 314781261
2384 368312852
3555 218668524
1957 733588238
3622 659170936
3267 327762657
1913 812787442
826 443636659
225 793018180
3459 427528141
1128 345924279
1016 468360221
2457 364427901
120 763103924
1829 778410025
3524 279375176
2913 189872178
804 484157362
2053 474027124
770 80071281
79 240486062
3501 76152102
926 776534788
728 940046614
3256 850309759
1433 421008300
37 775230857
1866 634247412
3985 702813810
2827 783693344
2189 660513773
1374 219689991
2799 186624915
1034 20267425
589 784215135
2169 948407948
1062 455694640
538 6990731
3770 720096075
2784 106755842
2061 342443222
992 37176187
840 471860062
3351 813127203
1047 786997842
2241 914038605
1836 607391110
1027 341360366
1659 676266929
1539 52547360
2076 245344494
2283 992001696
3020 199600447
2569 572210000
908 410774278
1970 563096757
832 982864266
1658 620281466
2737 947916664
3709 522987
1388 853870943
2618 21998458
2881 654723122
690 310871358
3973 419396554
1486 46174063
305 637898082
758 548430316
2240 51378202
443 55628725
2228 152563060
1550 96612721
50 726741978
1958 830301161
3937 31068950
894 949939851
2351 603633368
1684 438577128
3213 301238067
2764 331693622
2766 860852000
2635 3277263
3307 58053370
668 492191664
3586 832057089
2478 982985723
1907 786474456
1396 252927093
3617 213747462
2820 937677577
1175 85839736
1913 509352003
1857 273208829
1585 105440725
3886 656424393
1743 70344982
1749 761329907
1978 462841214
877 65034999
3548 87252780
755 47102772
3044 490550624
1415 469116783
1541 966968577
1199 620439119
597 676162328
1011 161188319
3950 358621011
3072 636441103
1104 427269763
614 145235762
1149 803972383
2586 491926657
1564 353188286
692 49889431
407 208045984
17 812511732
1405 251513126
754 41469307
1728 563135062
1980 438906099
2039 316263256
182 621670281
1662 566946556
398 856577612
1618 198279473
916 950836912
2837 51708303
829 960822540
2864 213302735
1666 424455964
2955 118538317
2718 412425856
2871 402175629
275 881300283
1349 50195379
2214 845706804
1676 665342729
127 294953912
3816 666641021
522 633753078
3797 896957728
3096 424537986
2136 164441512
1663 391630291
982 45281519
117 506072005
2970 693194866
377 962939928
180 541986003
1099 608396271
1557 973641816
623 332864849
1972 920232297
1582 693143979
780 726936854
308 204923981
955 243614095
563 749405416
1732 808722601
2047 766206487
622 388043360
3792 927736787
163 122208079
3267 821970428
2995 807312186
1753 600525527
1742 47374213
1334 77036939
1613 814585274
1699 643876003
202 280146439
1869 343901327
3299 790543805
1316 350589475
955 40440275
3933 308262166
3833 170041697
2768 785562244
2951 353817637
1370 31739245
3156 797569281
61 624925492
2706 964368507
251 717730337
3609 618942267
3679 585480159
1858 469244049
2772 213998078
1133 258154733
3179 337414770
2140 747468900
3513 999555602
1782 3937074
23 786289434
2405 651892275
2976 24002986
2583 649026920
439 985753669
2785 438491768
2623 210310738
3767 66956589
3904 419366559
757 826509299
3945 589025241
3546 124934748
1096 208707861
2791 985631646
1044 63896138
645 744310035
2052 26063060
3708 817253561
948 767307251
989 34940336
3943 376374602
2361 15236286
3584 268092769
2375 502910670
3880 583865379
2082 347498349
1548 632197472
1737 258709836
1660 51532
477 421577409
1772 335558398
1766 3919429
183 285366003
1039 113802999
215 766986632
2117 17837336
2510 174687619
2652 703370893
3264 993860235
3018 586683232
2455 980419499
73 711974463
3453 43649492
1786 64291580
2918 284014168
2237 332453131
3364 259446127
2842 711087623
2448 660277429
2299 489747501
1640 991652266
1391 197133024
3211 147897393
2633 827326243
1438 879767826
1214 588847650
1131 973584504
331 915362730
2589 134112371
2541 262055084
2822 22502263
1927 384743870
121 669932252
3392 404798873
3696 783862108
130 135246748
2918 872929688
891 856711752
3038 600095891
3584 322031042
1019 28599349
901 243090004
2118 464770505
3335 490073837
2347 603655295
1315 404230044
2012 861760491
2939 781953049
653 864436869
2008 87150140
726 825973799
1731 998573187
2452 379364498
3530 448439440
168 224745961
1537 733075881
534 153636660
191 893627191
1095 966016734
1085 578983752
424 615558456
3130 284966157
2793 689986292
1722 116889436
30 677300138
2850 297125678
2562 419578966
1566 196210210
2863 16422360
1563 182458617
3431 399648627
941 921745944
1071 283987279
1482 126661642
2606 231282424
1421 714503163
3922 943632860
2484 308976702
2859 79682512
1315 740409031
1327 479716748
2207 36789681
2292 808305962
2003 750008250
89 826357931
1422 731926210
1469 892106866
835 286148176
2342 59256775
1832 360217613
1052 846414165
3640 965766215
235 751158701
2577 344218735
3748 140239297
3638 171611547
1149 106026857
2958 697642757
13 551412194
3107 850290826
3345 93345866
1540 85628203
2633 932339749
3491 908760464
539 434712539
56 254173824
2511 565305655
3868 865150827
1650 811914218
3951 795372768
692 370417670
1075 761418519
393 1134212
975 355523688
2220 892526014
2477 297682898
3383 7157237
1595 64336245
3404 287650252
2062 40238872
2799 123701963
3674 79103652
2665 899996126
3995 481856679
679 289179603
816 456588498
3225 805931487
2907 28864123
308 851928090
1314 549383964
1297 390872062
3057 503635154
1419 851999468
597 583028959
5 335872168
3938 836672040
2785 229074392
1391 642435000
10 678219400
3093 421970747
1771 30573225
659 806353796
1813 945541773
3693 324869895
381 29570412
2728 207611488
508 290078691
3567 195194570
2158 670094448
2226 388670633
3507 844177399
865 548879873
1041 316628032
3189 67192060
1168 338240119
2280 754692712
3101 51826090
504 638818358
1991 824864079
1769 242277372
2981 515884987
3328 942866804
2414 223145132
2600 783680763
1279 966940608
144 617596435
25 42948859
2411 185434593
3104 489146693
2958 234479024
3581 855275754
1686 12302188
3293 274232856
2080 358761000
3344 16401253
2351 58200729
1706 534550086
3466 609828760
102 359925145
1691 996239012
2302 637308956
913 869221469
3668 699391219
2782 218316043
1645 312559654
1626 341127445
624 520074529
3966 190355338
3275 861073715
2762 907749531
1166 482158095
704 291706910
462 993680462
2598 821157901
132 333450730
200 96606981
267 186599620
372 206171848
390 117563680
732 582420156
1560 963327012
3415 120790634
457 307886684
3296 42390015
2151 438708793
2102 543079118
931 868313742
1050 293750220
1200 116921617
3253 505242130
3592 313575648
1903 33188191
2055 657100025
2009 375313555
1422 138412736
2820 675919413
1569 933603454
3975 917751023
41 656976860
1053 416347661
2674 317836396
2532 206383105
110 63098400
3008 730881249
1937 959937489
3478 201000167
2163 7008186
2865 69785840
753 406759418
3328 439239935
2348 66128661
3318 433775287
3976 326140020
1705 318178276
2350 395078880
52 65798898
3179 198591243
3669 302407540
1231 786433031
3439 732730527
335 672566221
1033 984336333
3812 436183992
2509 7221498
297 477832455
3402 71173450
1824 520334174
1266 327869313
3278 854382406
1949 740129418
1946 34166440
133 912459761
307 317929814
2056 698978408
999 926580611
2089 39688773
3052 162955333
3854 172976642
507 381553178
2723 183105725
848 302042976
1846 259867318
1611 952637660
2937 293162964
242 473499700
356 843417631
621 328297077
2832 562449991
3560 375954062
3901 727165468
3477 56011218
876 781288212
1991 876074106
3814 990177992
2872 13002273
979 398227319
2628 921612870
2212 826060418
2764 56567502
2250 801537774
1716 896937599
2556 898681829
3877 863153542
2389 84903734
2700 609653233
2868 254860240
3545 136631350
1722 697985098
3521 498647979
2256 753731935
700 889788684
62 990196842
2151 694491384
2580 758604270
2467 62342771
1829 714180625
597 79930726
2023 639542556
388 392727835
3637 86006268
1822 719162049
2862 760485060
147 888493038
3955 993086249
2360 475711768
1004 539510021
1254 181733403
675 686094037
3928 662965942
1735 730590267
1009 958524686
3595 503071356
3603 809633833
3333 336507650
2889 429091956
3471 634858971
94 941436990
3849 38222393
164 125953594
2677 259433201
1934 641572865
1754 886463740
3862 669384846
66 897271288
600 258760384
1116 878386343
3220 827914204
763 103105903
1456 41314312
3828 797037785
3476 873623249
1188 190097939
1613 976580006
615 419076462
1067 569065051
450 847980256
962 293651367
2203 722882691
2668 375113126
3420 350775572
2853 524031063
2451 801440372
3918 511490591
2484 59907627
108 340835908
214 144157152
2406 17201011
2738 968439266
906 61547579
360 918422435
2152 105992080
2425 277728824
2997 340062025
2286 587816666
585 5659297
271 457959271
737 890600122
877 636087522
3167 313345814
3385 87212527
1349 958433308
2890 258969944
2654 982428057
3771 354678922
533 896474428
1162 793522712
1947 382979353
3291 899633208
1221 78192167
819 483329857
2348 804553410
1629 19578419
1228 253173033
712 55484719
613 684545
3975 878160379
1597 312584912
912 338340479
252 986441859
1246 565533002
430 718349801
2639 985977870
101 361966134
966 232760352
596 416156545
2506 948373753
3637 257442118
1381 225891000
1732 190924516
1446 48417949
2082 951307808
1056 146487183
1459 653459873
1097 115889303
3520 4394354
2107 59637603
54 227275651
1334 826792132
964 615455271
2140 627966256
3553 651408024
276 911369025
772 681597295
2536 25038388
939 672400172
1990 435626091
2037 784969396
195 511525355
359 473245645
3315 935866079
3370 400841124
3123 53577747
267 733917512
3039 183889786
954 105353261
252 678157993
2860 618286762
3824 911201625
2906 636309115
932 754729449
1952 55549248
1481 205960665
958 879535868
16 834527312
2906 948435094
3152 384506007
187 150934107
1540 932313244
1647 864733818
3659 535693169
423 477937543
1703 586675146
1718 687954681
510 950001282
1302 291398572
3451 68203798
867 456368224
590 32513064
3837 2179128
616 513632765
3050 571150140
3488 879800576
1298 693036247
785 838720061
706 856648281
217 676417511
3017 695114614
2875 20068307
318 694719173
1374 492977658
984 353639490
108 450653947
916 232839116
1045 51683991
1331 383282088
3209 557545011
281 517949181
1953 7919449
1135 854815830
1911 305143351
2018 409762851
617 10743326
2498 255678264
922 255582724
2436 9873228
3057 616035075
2752 992918395
3608 629028569
788 427183813
3038 936630374
671 937467533
181 364370992
3142 354663195
1781 186854114
2387 762906
3287 474557384
1809 834808602
2523 332885845
2929 268985871
2947 959703454
1032 393884112
438 784317661
2223 768492697
3197 941003758
1410 471093386
1545 676138197
3329 821442086
1515 942846774
3474 184075989
379 76581595
3133 179902306
2098 879307314
1710 758145661
1968 121267405
1783 233831226
630 188351968
235 291753872
2925 999955142
1252 923925211
2653 113626492
3230 333113435
3991 17237284
538 876086707
1132 617403012
1052 645825899
2675 21351557
3053 756789614
3815 514818228
409 416763276
615 243779524
3762 185862649
3540 829369866
2828 537757132
150 728189952
575 18506114
919 632023747
1128 518676856
3815 22389908
3304 331784308
3479 396710234
132 768922141
3198 607333663
2531 559027582
3158 60951695
1427 584505224
2368 31426428
1220 697615757
1596 938645853
587 429412293
1522 44860874
3744 369572812
3948 149402369
3201 996263714
2745 291109476
3149 29514154
1292 752617209
2666 119293996
2874 178810345
127 25011923
3136 439390977
2331 424618928
1787 425906996
1516 730997045
2126 182796055
3592 874768570
2976 341435748
2856 536415483
3099 77245816
3496 123888792
1741 33440212
3080 273269908
1739 546441888
494 947110615
3881 543143971
514 129861804
2756 329964876
465 710915396
472 758127149
1290 858574897
1642 912676474
676 97504235
1504 767462414
1942 688855118
963 216310119
349 17548570
708 922539045
1274 830354546
2612 249967503
2577 670817630
683 897198862
491 238165577
3490 801873071
3285 606674820
216 896011173
959 42157505
529 647386821
1566 79443096
690 714507017
1674 459956486
2791 904173070
1216 108868584
2909 947257494
1314 931118213
72 871962886
1394 466940674
2910 974595560
1147 251366123
58 313784427
776 885740976
922 170563294
2282 1829669
418 664041273
1622 118070786
759 184600980
1668 19507809
644 867947181
1970 366459971
248 780818023
2144 342700043
326 736793158
3313 975052545
36 45907444
624 607728081
2701 8509374
1096 711328521
2559 597191447
3211 551981470
285 629223188
1804 47661928
878 790470383
901 74348449
1948 445210245
2066 221948266
2742 559457496
596 442999366
1710 853227149
943 150518941
1404 844722287
76 134985275
2137 492233194
1943 857313998
261 433092497
386 338923115
2050 746370456
2017 239443978
1815 386728539
812 794201093
174 510492885
3072 717620893
2773 956463914
1598 999220853
1793 619306269
651 780363541
358 641613466
878 345209705
128 760380974
3829 486879295
2286 619899786
3632 398237389
3634 682000901
2324 527789864
1554 586134294
2841 738486989
2394 327696605
1981 211459869
535 34266779
927 167907289
2429 43799350
740 819919274
2659 170234294
2422 65971355
1282 345265099
2272 373966493
3129 488617540
2836 228783618
364 639617945
3749 210021379
2560 316977250
1965 76961594
1792 771352030
1127 819461672
347 392445037
3222 937587120
2308 451104278
2525 908758938
3057 774867202
1669 809440530
541 389859839
3898 755433767
3398 980911870
1166 939853644
2576 285641110
180 194318809
2944 118241663
262 590173323
2081 31586071
3200 899510016
2466 241010144
3427 391061308
54 923666175
435 75990055
850 41714623
1721 329543693
2035 426510348
3170 257772317
2358 354045177
3454 956564970
2366 897381179
1698 851844076
114 65766315
3302 300426752
3676 56671176
1607 420183268
2859 179377202
1607 443083708
817 785850160
2536 34927249
326 388768043
1652 138254540
3 524449073
600 191614911
3496 623327092
2757 314598684
3351 67581384
2670 943162748
3414 477277224
1932 988303065
2705 110476081
2269 960656149
3957 343914149
3168 323938929
3351 46425065
379 888321558
2347 475938952
1974 137114256
3629 215922863
2589 257096269
1660 46052782
3841 660133923
697 999614077
2872 839535047
365 502420533
2361 676106839
64 67564178
3521 341925073
1603 334036088
2288 874639002
2503 29723243
332 54618616
2563 573735189
61 764321943
2514 643971524
2000 691172872
1106 637630186
2228 955109949
262 360095387
32 375170063
1430 606340370
203 70677433
2986 44320556
3410 143197530
2002 286012651
2614 251693942
3201 892029941
2524 857794934
2733 415908371
2891 847644195
657 267132850
177 120237615
331 655256165
2110 698287789
1726 426205025
103 995102611
433 791199231
2852 415479359
782 62726718
339 333084655
1348 873131839
851 369923144
3013 883902919
2441 716197840
841 272868032
3199 825411188
2666 228348344
2688 928763394
3173 40564065
829 999155888
2655 864428047
332 386156436
126 522174013
3971 269901097
3340 386749704
1345 343113681
3256 84114099
3302 459611213
148 14045473
2517 806418502
3128 952140382
2009 598934728
125 60028695
1054 669335746
2723 50849052
3507 282635143
2859 804526053
559 67009872
382 875136267
777 877472696
1956 817080011
1182 141895742
1102 739698311
1134 288028359
3885 680695620
3584 694287897
1400 576684076
1242 606643297
874 905017101
3785 652685742
354 775195353
3199 731923059
2369 986758692
624 724486665
3728 241586601
1236 797517099
823 617651910
777 234863736
1606 828703227
1998 159168245
368 892491119
1480 482589832
1419 27701610
3328 749914238
3858 148240604
1635 578948102
259 397156309
1442 772038835
514 540789259
2960 803523326
3156 771040088
3078 199822530
1412 662963257
3586 590530494
449 24318543
1603 914042903
3998 47571682
2575 810929875
2417 428184409
2957 393303135
3732 6349763
1708 685112074
3175 932074322
1466 438630791
1164 206910170
1102 64685423
3658 855062870
3582 864970173
2795 216981092
2537 640587089
2942 389104836
3535 709260653
277 7189725
1652 708350011
1672 659334968
2561 512027460
624 11689731
2754 671214074
1293 637179023
2985 304234544
3233 188559314
426 26716829
51 495653605
2653 815264605
1388 154137735
2495 353579119
3869 669993625
561 385735224
1303 390677664
3543 814488574
1010 917952071
58 470577262
2599 233492954
519 774276119
2582 454169292
750 404498413
3520 152320049
644 302666695
2094 231894853
2081 757479649
1672 812076515
2563 234906714
1023 929545486
617 247624119
3524 59287916
1624 158354782
3598 937623494
3706 170428188
2072 204039050
3290 694400160
3712 787758409
2601 238248958
2890 301564729
2013 411213357
3547 65785268
1548 861469065
2654 917844407
501 253082705
1602 767208292
3415 62066474
858 337385600
2552 453328794
2012 988922614
544 49943182
355 66335058
3867 668575445
1581 432063303
3643 914778019
3549 302909481
723 112955151
3866 536374644
2557 760232085
2222 809117507
341 913572757
328 319349978
1308 133219793
2523 307481373
2518 728419827
957 805535510
3244 10466821
2920 205176946
2539 396903927
2044 865571845
2947 859203101
2491 359726658
553 852861358
3404 571919812
2837 623655238
3033 286619080
900 37406052
880 259094704
1239 228255981
614 367649409
306 549491624
1775 657937254
543 490362048
2184 911055403
585 116374853
173 882499267
1089 107139754
739 138566851
3228 317722952
1328 711470564
1362 84770523
1917 761767044
1921 277499136
2747 722744870
1736 651267005
987 452883950
2573 19360760
2228 279846694
2232 317264383
865 568799164
2453 600799231
2177 887493313
3669 304865420
2805 916609771
877 26218272
454 957123860
2518 387107988
3708 961575609
1932 528655784
72 236072060
1264 95748481
1978 35066531
3814 851374630
780 15513495
1815 3278594
1621 321349733
2607 13424485
1367 748511040
800 414286595
3378 212922365
2749 665236595
2542 774056597
800 89925041
117 149913511
2790 222501533
3574 9087731
3597 13276025
2212 975416800
29 767855
1653 451140087
2556 302331145
452 774761318
152 54385335
591 870232959
3425 7971661
2841 378426166
1099 679648898
233 164398502
1361 436948339
329 275085964
1069 401389341
168 714981578
2145 23570662
1016 745816294
3602 33502485
3729 4685193
2311 800203093
1548 924491776
1422 960671030
3337 46874302
1368 47728812
3882 5897176
3352 903860878
277 740875655
2407 61046040
2646 600961706
291 496944746
3931 342572354
3084 430658823
1142 281226484
1893 199780439
3999 262384010
1753 250853669
3503 302951794
1459 432350753
3046 830631997
1445 32417375
3365 372515106
3458 635259862
3445 358035833
3076 58428387
2430 928329536
2087 477713347
1649 638791577
2764 75585308
799 53561674
1623 65498229
159 642195259
2385 166322105
2380 53050108
3079 780122808
3972 941881149
2377 145169318
555 71154260
3915 781927835
1542 628637882
647 62029073
864 521058190
1850 849128041
937 666265361
2659 262409318
18 71492392
2279 585956015
2738 804095965
3823 448018514
2019 780808158
1672 630445628
197 785367805
2210 884745666
3259 378896046
498 641350427
3978 481036940
1201 389283811
253 253711061
2746 505992602
2403 24376041
3184 758335523
1902 585674703
405 474468422
3542 18626735
2804 460564014
2421 408040281
3704 220177388
2569 229016253
722 139311090
277 962323825
3864 47802264
3743 454217263
2176 599351706
1363 463865939
169 27416216
479 996909665
3987 793714069
2198 678586493
3074 833819257
1869 19408114
1535 105368719
3009 614476972
2390 323260168
1934 751281597
3545 628852086
1881 951100892
2267 446252625
3368 550210273
1142 862184821
1796 952377162
230 234493602
2366 35895994
3532 135782395
167 748334708
3596 156228744
2359 3238884
1872 894439093
551 395641623
418 102908624
1782 72637246
3989 241598862
1640 11810607
2077 597299846
482 234323940
179 810684085
847 983047930
1202 780141305
3679 277637426
3708 162308758
2563 729913588
1461 691833268
114 924997831
1543 581799902
3527 357621210
1725 332933764
2016 745181823
1928 623763323
1825 495374506
1661 872105848
495 582331511
2261 614867096
885 356732577
1836 485388507
1378 468999947
3042 640563364
2121 21462843
1565 932853051
2368 834000090
996 679457612
3361 569582646
230 176615781
1197 489454272
2129 737284731
1828 994568590
3388 31268966
3341 59508186
414 981343840
853 484750721
883 929377162
2600 672576901
3710 800896359
825 705394827
3682 982006367
704 537673566
1672 15080510
470 563903850
2685 407765682
2459 783778625
2769 80924112
1329 639056154
1976 593467536
3839 594176333
3852 6324556
1294 94149337
2570 6976581
1199 487848926
657 410512414
3476 32398371
710 405222495
50 306526097
1074 100740596
37 409718966
962 189663659
1292 422501187
1670 837780666
2665 169162382
851 245558070
2978 799062033
1602 322710173
387 596346345
2638 149779533
185 51085656
409 847212554
1048 84918595
2440 378994300
3702 947952821
2690 837847982
2895 713147738
1334 296153489
1311 883945989
2834 359262839
394 862034219
3916 432411545
3576 602487653
3101 174260113
3025 718355954
1313 473848032
2949 35542322
2680 804492394
3111 261095212
2344 469152757
2701 585010697
153 517281965
2994 469648023
3735 964158883
2772 962328263
3028 828404297
3799 236804143
2948 988466424
511 543470217
3327 193809770
1626 797788722
2754 337098560
500 577455788
461 586443901
4000 495889693
1799 778514442
3286 25160397
2486 114194480
3216 285339564
2087 820105505
940 62328522
428 670289775
3917 644295388
2489 137335443
1946 624073918
2950 551343975
317 635433451
2897 781818540
1284 202597639
2521 34013574
388 187408982
3171 872975867
209 612586050
1305 66817399
1640 229356505
2790 100949835
2886 51936588
91 994276649
301 677349489
3501 934617002
294 309573954
2357 879796425
2810 568933469
2830 165989989
1431 120979330
3099 303809730
3506 344454679
766 855255304
2463 7231911
2882 276724675
2202 907818590
3474 654277473
1698 262058383
960 225416888
2296 539437103
703 530313086
2661 675743575
2345 275344590
113 399077574
26 605576617
3501 5757789
2483 310553459
1258 365068193
1720 291314802
927 405929532
2066 108340819
807 242474620
3597 569594020
1216 708134610
1627 546875227
877 970785109
752 906149197
3925 114116157
996 518405816
1763 463443560
1108 458494906
1156 845817304
1089 284562136
2572 184276530
47 357581688
945 689750337
3591 536916071
685 986796914
502 620710483
2881 647362134
3500 383670866
1549 27380514
2494 285869145
1017 774239538
2053 705190342
655 562885762
476 767097815
1950 314314803
1509 66815025
3064 273895693
2885 619952474
1685 55558647
3843 927006015
2030 62599808
1933 44648878
771 21439833
404 845193949
2294 596966617
587 651329506
1582 47581560
1420 468631864
3381 34981972
1522 963010881
1146 621360047
3680 813887678
431 568952687
825 107501912
3083 163265949
1382 106246171
842 2130150
2643 467769334
2792 87531805
690 356496444
202 735497655
3926 226143014
726 936304718
2073 52358735
3765 606811934
2775 14746934
1880 292593547
1425 366726592
1648 467587225
1483 533544627
660 430896499
174 660515900
2367 22202341
3911 200802922
144 934853345
3366 26935728
200 109491454
831 992231783
1327 979327732
397 15628362
2416 689728033
2442 354029816
1880 538092295
3160 29489270
3803 978502604
3163 927155370
2767 518263481
3197 343708897
143 655063228
137 17560650
3961 746826726
368 429080184
1201 69935085
3719 99499492
316 105005738
2887 528327273
1573 10744476
747 23179718
2875 957336932
118 643056672
2353 426031175
2058 854132349
508 696038576
3826 667929930
3769 896170667
185 7580886
2213 465150826
2225 524836309
1955 62120900
1549 603511773
1338 999806641
871 297196524
180 55021007
1979 527531233
2656 612855265
3593 364069886
3920 892716363
2359 417357677
1468 697809558
1805 460781752
893 277869810
2456 944641871
2451 494571695
2055 886674181
320 510646723
2865 727979667
1675 444601928
1261 492057108
957 402055419
3640 761920903
711 177804222
179 33475409
2074 702890518
2722 256371384
3758 794117038
3567 160627305
1116 16843986
3172 65831155
1283 702915316
628 476565834
3975 8386859
2035 307210565
621 52117679
2970 745941024
673 537040223
3140 158007034
3472 862293563
2163 29139800
847 865322474
3468 473957280
1490 718647093
1974 742618527
1973 497987466
607 71152388
150 421251450
3352 940723171
1848 685004603
1780 786173747
2691 898159911
3373 154992976
1279 186956859
3454 831786105
796 118287513
2730 970751315
3693 778053638
1076 636011877
296 741907564
2052 497569178
3944 937983578
1577 123885762
3595 591147903
2641 167376400
852 280759603
3475 925467549
1354 300487406
3334 499695844
3543 763190479
455 67563845
2282 229572118
2583 162369154
2294 376176554
1914 845286213
2416 597584532
2649 400696728
2741 795370114
832 71649643
2466 543674437
3905 876413714
1146 72897108
656 22479300
484 408680774
581 876128797
361 992788059
2365 54980252
250 795562484
3129 518812710
2569 131474455
3998 667709570
11 556153068
3571 890265819
2845 139412291
3942 77625921
1787 146624267
679 956163624
2410 580451292
2571 59098343
783 687949679
3211 917323834
1558 139651104
2466 4533696
493 878851955
1491 196526462
3142 52683404
3168 206000219
3256 351364789
2132 793977506
2846 649873372
3482 915691139
2999 878550802
1604 979063442
2628 80536333
2245 332712006
942 66682023
3543 793167483
1853 152019293
3734 105995248
1441 78921169
1378 36587978
525 390492233
1377 99763728
23 253629229
3547 550194733
1114 248534925
316 675318129
2997 459861912
1270 980728720
9 313477414
925 677660449
254 157571120
3369 136626208
1726 293794130
343 790990445
3352 679490640
1960 343056459
1343 227247758
1056 451816673
2953 70472598
2600 60229308
2417 615192982
557 130416204
2869 369012703
447 460018786
3064 408970600
3507 391396537
2593 962681161
1953 191328362
2650 365731648
3623 954421365
1010 132590127
2596 883103807
2747 34995356
1629 828022799
1453 924919087
860 836251536
2465 745305400
1772 591618130
3863 473861927
2366 526258249
3121 33566481
647 382035020
661 873545522
448 590240408
1871 705507942
37 27880778
3853 722038446
758 887145704
129 601081777
3289 257456857
3395 624298297
821 632155112
332 171184562
1305 685349573
2428 105512110
1971 678306436
3636 464444771
3962 20705052
1917 966002987
2885 429539818
1631 40169988
3505 127430699
843 973410574
2910 122354053
3826 471195919
2226 453367935
1419 439249138
342 959946500
2545 35837508
3252 648599781
3810 205465526
1087 951746132
3106 294381469
3339 68037737
886 705263221
112 415934880
585 854746458
2667 684663897
3595 23172749
3293 40271703
3276 580266486
1226 444863554
3109 103326620
3740 647425061
592 945285678
3550 181405168
1739 104857469
1121 845371127
2458 800556288
2266 895194993
2210 93390415
2337 719312123
3566 802608040
1620 594482450
717 470674542
2674 186910620
817 326465956
2177 871582048
3986 960878710
1640 132757130
714 821245105
3349 594562344
2775 745157446
3257 394829743
3964 575810763
2471 336549750
3231 743176185
2713 972638009
2284 221365295
2827 362253720
1521 525960174
3869 13911958
3841 718464859
629 762499867
1809 598075072
2715 391225714
1918 269868300
2588 514398668
2052 383758926
3431 172657595
424 897259070
371 836972983
3824 509135540
791 272090013
2693 59290670
3440 30265130
2328 788575822
2303 288414852
3674 80693850
776 757288114
3810 359165371
1876 787386400
620 434031231
3184 177903388
3060 35971543
2764 214535771
2111 357742745
2749 83353973
1458 4027326
2075 398118244
1560 432769253
867 956465929
929 320983759
1430 240769447
3358 495598049
1273 958665062
326 51544742
2099 148874705
596 846079050
3890 358920281
1414 959090464
903 19225296
415 234441500
3269 594338286
2183 82497625
3653 446834640
3014 290106261
1797 109401715
2220 870181040
324 711955006
44 287542577
1672 932559990
2300 798270145
3353 61537223
2678 501535150
579 220664001
2138 20941673
3608 696083544
907 193840392
3179 56815204
2989 430948805
1910 51271199
3181 968912253
1333 68181674
761 424986417
1513 932288904
3300 465296265
630 781691169
3012 406802252
3845 205525825
403 6388201
1058 537043862
2193 773820402
479 670162486
3968 439442844
144 989397526
870 977736000
3053 455023507
2479 122426844
3571 801351405
3337 732298643
1635 669041352
870 426966057
3873 72020650
1694 147616136
1303 166687103
3658 503612478
2191 471241752
3722 938101756
1917 50885031
1056 637766680
2003 5265476
1586 114392588
3754 217381740
2156 235875317
3743 666892925
1083 854711061
3348 226238779
1203 107480657
1707 53717582
3754 828106932
1711 846398402
2747 451876842
3147 797134213
741 918531782
3696 263270380
2729 992217020
596 696806447
2543 64175464
1165 581875944
2914 36239109
3770 707060888
1263 391671543
2235 444893219
2218 52528962
3732 71453007
3529 571331600
2029 535506248
2919 994024495
3669 677968671
162 582969232
2042 490450502
93 95668169
1459 750811414
319 71167124
3959 107829065
1363 934870606
1347 353513600
550 553191545
2648 555322047
3307 49556026
2266 449236204
2138 184718044
1234 209195347
173 588724299
3277 887490597
2178 336192922
2555 157477364
828 298943358
3793 538540601
1729 358591696
1991 38836686
733 585042191
3514 648604020
190 938817243
299 324762703
855 570443387
607 679221861
2045 12515929
1117 305795874
1933 378884993
19 589078487
2756 46061605
1521 373708342
1380 194916891
3020 968043224
1302 318015325
2941 7898040
3747 398237320
3968 23892149
1977 611010910
1717 57241619
1613 623927109
2722 864161018
2355 640927685
1006 726685174
967 970560782
1224 556510582
392 117354096
3710 637969997
2199 60735713
2919 262997556
2908 25244026
953 184899653
1762 175146490
3571 374247297
3286 243027777
2133 593738060
3372 608081366
387 569950188
3419 414235747
2694 836451598
2524 285533236
1003 26808896
750 417896379
353 985910648
3796 415466766
1983 405292939
1429 871745639
2588 202775223
316 253445795
2901 278844186
790 44912069
3019 90925881
2711 457933168
2850 973049466
2933 66027888
740 536538026
1546 3598385
3868 626235255
502 278758214
219 916324087
3324 610031588
1398 692316704
1376 933391717
933 231476813
1360 433858501
2885 706162879
856 468595240
1144 463427866
3243 645396818
3360 565679076
1537 940684845
1704 265209098
2227 193923143
1627 665619035
673 641540178
74 464760330
525 237206178
1354 958376240
2046 675391922
3668 977712712
1662 54093472
3332 14218161
3516 797928876
1978 941594159
74 31593660
412 524299115
2815 624310747
434 997715054
215 388918198
1448 845062186
2574 837279262
1328 203853298
1673 574137481
573 501022716
2253 99875984
2761 463853030
3174 841099378
2641 318940974
1730 558553488
1811 218953145
947 162212591
662 414806093
3696 461188025
2146 24804119
3284 657750460
3076 327713830
1822 733768682
3628 169218541
3567 213732567
15 228174277
1167 819471679
2949 470380649
3433 132585085
2379 52055160
2634 960546068
3650 747014903
774 972247850
3183 339918284
1299 185035528
2745 247951940
2028 532699547
3086 961257870
2319 735820022
2270 933391677
1248 433072846
3454 511156682
2659 688857853
2087 93440272
2566 876823040
3541 34622671
725 529645433
2728 145565993
3012 785999021
518 939339559
552 66295558
3734 179164981
1694 83063442
647 835134370
2499 711324803
1959 384504610
2874 898741678
620 110502732
202 246985996
1199 39772955
2397 190132795
460 993236337
674 475830269
2340 866149263
2923 612267704
3867 168304543
1040 912428789
730 719886123
1994 988638178
141 723219875
2265 64996304
1990 168867546
2591 740435125
3640 471181705
482 569727659
30 479199691
3182 20852335
594 675314592
1265 398646754
662 528485738
1149 922869900
1646 813935219
458 846492180
3235 160994660
2641 97332425
866 862438095
2641 590984221
3835 322096039
3502 698445605
995 353759171
1389 48517914
306 44785247
506 706592218
3046 659901082
1346 434364520
2398 510409209
473 579090792
2879 831498979
2390 675848100
691 551384354
1938 162815113
677 952989288
2124 767809194
3846 342951112
167 976145469
2475 129397049
1610 832937369
3181 832641559
1792 974399422
3272 915606946
470 182365901
3964 579157116
64 52746380
3343 860666927
2356 671037155
1417 181803429
2541 180478561
3094 158022574
3497 389555384
616 267179389
1099 166376253
1970 706177323
442 240777577
270 549509683
3872 88142683
2200 874057717
2124 852793427
241 38821428
1425 352605496
2109 4124567
3236 565778195
2981 27534891
1218 756409746
2454 325189087
3368 934776198
1728 667218183
3161 620092261
2967 307811034
3163 421586377
1430 365210612
3578 69836271
3639 503864533
3044 971320377
2172 582832223
652 876742316
1257 827866716
1255 630546291
2760 526843382
1393 886066522
2628 617670717
1417 123813972
1422 504973989
2385 930003958
251 916154757
655 840573433
3683 986518169
3855 35865276
2340 310361984
1311 674249151
701 589056063
3601 486474793
1972 434546109
700 598994755
2960 507364421
1659 101826811
3424 735634951
1709 508931171
690 352982423
3987 225872943
2716 754853996
1845 426126650
599 435868002
3422 860793089
2111 262128441
1115 634802214
2645 824697619
1376 727327982
3452 463866618
2275 741696964
1727 407460952
1439 620341172
298 916005501
2931 884244721
2253 246957341
768 321766224
2844 732023503
974 790972106
3025 493677455
1991 882263038
936 864596797
2842 989216429
834 520074268
2010 460587068
3939 18546515
1437 792273461
2805 128543088
445 900212934
1826 858917088
1627 580824384
157 759303288
2647 347248793
890 145116143
728 863399403
1170 256058465
3626 900998388
1984 12538062
2331 263263380
2502 516165272
2014 158133585
3401 590773257
3593 21330390
3568 108941003
214 10674543
521 801358958
3461 540205199
2820 852090598
3544 42711371
1047 975890187
1461 108683741
3416 429817623
808 180933409
2054 137643306
3199 740729115
352 43353545
3244 828638063
3020 357039707
3975 88680935
2226 250064811
3401 484005617
2366 443433065
465 93424159
418 23949225
1091 464075429
1265 374347619
3396 676372958